20180702 121532 39 9 92 28
20180702 121533 46 11 82 25
20180702 121534 40 5 77 26
20180702 121535 41 11 91 30
20180702 121536 46 13 80 27
20180702 121537 37 15 78 34
20180702 121538 45 12 74 32
20180702 121539 44 9 88 30
20180702 121540 44 5 78 33
20180702 121541 42 8 87 21
20180702 121542 40 14 79 27
20180702 121543 54 7 85 20
20180702 121544 51 10 86 30
20180702 121545 44 10 76 29
20180702 121546 42 6 78 25
20180702 121547 36 8 78 33
20180702 121548 45 10 80 31
20180702 121549 48 9 71 36
20180702 121550 41 11 78 31
20180702 121551 34 4 81 29
20180702 121552 46 7 79 34
20180702 121553 37 3 79 29
20180702 121554 44 4 77 33
20180702 121555 47 4 79 29
20180702 121556 38 10 84 33
20180702 121557 42 7 85 32
20180702 121558 37 7 83 34
20180702 121559 44 12 90 23
20180702 121600 44 15 78 30
20180702 121601 36 10 76 28
20180702 121602 44 9 73 32
20180702 121603 38 11 74 28
20180702 121604 43 3 94 40
20180702 121605 42 7 74 27
20180702 121606 46 5 77 32
20180702 121607 44 13 87 25
20180702 121608 39 12 77 19
20180702 121610 41 7 85 33
20180702 121611 35 4 86 34
20180702 121612 40 13 91 24
20180702 121613 33 13 80 26
20180702 121614 39 8 88 23
20180702 121615 48 9 81 33
20180702 121616 44 9 89 29
20180702 121617 37 13 88 26
20180702 121618 44 12 77 23
20180702 121619 51 4 90 30
20180702 121620 35 17 85 27
20180702 121621 43 10 80 26
20180702 121622 40 10 89 33
20180702 121623 49 7 83 32
20180702 121624 48 10 88 21
20180702 121625 45 9 75 28
20180702 121626 38 8 80 28
20180702 121627 43 13 77 30
20180702 121628 37 11 81 25
20180702 121629 44 3 77 24
20180702 121630 44 10 84 22
20180702 121631 48 11 85 26
20180702 121632 38 12 74 28
20180702 121633 48 10 76 35
20180702 121634 46 11 77 35
20180702 121635 51 14 82 31
20180702 121636 41 9 78 27
20180702 121637 43 8 76 25
20180702 121638 46 15 75 36
20180702 121639 41 10 87 20
20180702 121640 48 12 82 32
20180702 121641 44 15 74 25
20180702 121642 47 15 69 29
20180702 121643 43 8 83 31
20180702 121644 43 10 71 19
20180702 121645 43 12 84 34
20180702 121646 43 7 76 30
20180702 121647 35 9 70 28
20180702 121649 39 15 81 27
20180702 121650 43 14 81 28
20180702 121651 38 12 73 24
20180702 121652 45 9 88 33
20180702 121653 47 8 80 32
20180702 121654 47 15 74 26
20180702 121655 43 8 85 36
20180702 121656 52 14 82 21
20180702 121657 37 10 80 29
20180702 121658 43 13 84 36
20180702 121659 43 17 79 30
20180702 121700 33 14 75 36
20180702 121701 43 7 76 31
20180702 121702 40 9 74 36
20180702 121703 39 11 86 31
20180702 121704 44 17 90 22
20180702 121705 53 3 84 32
20180702 121706 45 8 88 30
20180702 121707 41 7 86 24
20180702 121708 42 7 74 26
20180702 121709 35 11 68 25
20180702 121710 38 10 84 26
20180702 121711 43 7 74 33
20180702 121712 42 9 76 33
20180702 121713 40 13 82 23
20180702 121714 43 10 74 30
20180702 121715 45 13 80 26
20180702 121716 44 14 86 27
20180702 121717 45 13 74 40
20180702 121718 45 8 76 29
20180702 121719 44 14 85 22
20180702 121720 36 3 83 28
20180702 121721 48 11 75 33
20180702 121722 44 14 78 36
20180702 121723 38 7 90 29
20180702 121724 39 8 79 24
20180702 121725 37 7 69 25
20180702 121726 42 12 83 25
20180702 121728 40 9 81 33
20180702 121729 41 12 76 29
20180702 121730 42 18 78 27
20180702 121731 41 4 71 26
20180702 121732 45 10 80 32
20180702 121733 42 14 87 37
20180702 121734 47 8 67 29
20180702 121735 47 13 89 33
20180702 121736 44 12 84 34
20180702 121737 37 10 81 31
20180702 121738 35 10 84 26
20180702 121739 55 14 89 30
20180702 121740 49 9 85 23
20180702 121741 48 10 94 27
20180702 121742 42 7 85 23
20180702 121743 41 5 76 31
20180702 121744 41 10 91 32
20180702 121745 33 15 85 30
20180702 121746 42 13 83 33
20180702 121747 39 11 89 32
20180702 121748 33 12 69 30
20180702 121749 45 8 72 27
20180702 121750 38 13 70 35
20180702 121751 43 11 88 28
20180702 121752 40 8 78 31
20180702 121753 34 8 76 24
20180702 121754 49 9 77 32
20180702 121755 39 15 78 22
20180702 121756 50 11 87 27
20180702 121757 46 7 83 25
20180702 121758 49 8 74 26
20180702 121759 49 13 76 27
20180702 121800 42 9 88 26
20180702 121801 43 15 79 28
20180702 121802 46 10 81 35
20180702 121803 38 9 82 27
20180702 121804 54 10 82 24
20180702 121805 42 8 83 34
20180702 121807 41 13 83 30
20180702 121808 36 7 81 25
20180702 121809 51 5 74 29
20180702 121810 49 8 76 30
20180702 121811 43 16 77 26
20180702 121812 44 12 80 26
20180702 121813 48 16 79 28
20180702 121814 36 14 79 24
20180702 121815 49 13 78 33
20180702 121816 43 8 77 34
20180702 121817 38 13 79 25
20180702 121818 41 8 84 27
20180702 121819 48 8 87 22
20180702 121820 45 9 83 40
20180702 121821 39 12 73 24
20180702 121822 49 8 83 32
20180702 121823 42 10 82 28
20180702 121824 46 13 87 31
20180702 121825 45 5 80 27
20180702 121826 44 8 83 35
20180702 121827 40 7 75 31
20180702 121828 41 4 74 27
20180702 121829 44 10 73 27
20180702 121830 43 8 79 22
20180702 121831 40 7 89 23
20180702 121832 44 9 84 26
20180702 121833 38 12 76 25
20180702 121834 52 7 74 33
20180702 121835 40 14 75 25
20180702 121836 40 11 80 30
20180702 121837 44 5 81 27
20180702 121838 39 9 96 28
20180702 121839 44 9 86 25
20180702 121840 43 11 79 24
20180702 121841 47 4 82 34
20180702 121842 49 9 90 23
20180702 121843 43 11 86 29
20180702 121844 42 7 79 30
20180702 121846 40 8 80 27
20180702 121847 36 13 76 27
20180702 121848 47 11 72 30
20180702 121849 42 9 89 25
20180702 121850 44 8 79 32
20180702 121851 41 15 80 30
20180702 121852 46 9 87 28
20180702 121853 40 12 84 27
20180702 121854 42 8 92 28
20180702 121855 44 14 72 39
20180702 121856 38 11 93 19
20180702 121857 38 6 87 32
20180702 121858 46 8 87 28
20180702 121859 40 11 75 28
20180702 121900 36 9 76 35
20180702 121901 40 4 78 33
20180702 121902 47 6 86 26
20180702 121903 41 11 81 30
20180702 121904 40 4 76 22
20180702 121905 41 5 70 27
20180702 121906 35 8 80 27
20180702 121907 49 12 81 25
20180702 121908 39 7 82 30
20180702 121909 50 11 82 28
20180702 121910 43 15 75 30
20180702 121911 42 10 77 33
20180702 121912 44 2 90 39
20180702 121913 43 6 84 37
20180702 121914 42 5 80 20
20180702 121915 52 10 80 25
20180702 121916 38 8 90 30
20180702 121917 42 9 79 32
20180702 121918 50 14 79 30
20180702 121919 41 13 85 29
20180702 121920 39 9 81 35
20180702 121921 44 14 73 29
20180702 121922 42 7 85 31
20180702 121923 37 10 92 21
20180702 121925 40 11 81 34
20180702 121926 34 10 82 35
20180702 121927 42 14 89 29
20180702 121928 40 11 86 32
20180702 121929 39 9 77 25
20180702 121930 41 7 82 32
20180702 121931 43 13 85 36
20180702 121932 42 7 77 25
20180702 121933 37 13 92 28
20180702 121934 43 14 88 30
20180702 121935 38 7 81 26
20180702 121936 44 9 83 35
20180702 121937 42 10 78 24
20180702 121938 49 11 90 33
20180702 121939 44 9 87 25
20180702 121940 41 13 78 30
20180702 121941 42 14 78 34
20180702 121942 49 5 68 23
20180702 121943 42 8 95 30
20180702 121944 40 14 81 28
20180702 121945 47 5 76 25
20180702 121946 49 9 73 24
20180702 121947 50 6 77 27
20180702 121948 47 11 82 27
20180702 121949 48 12 80 25
20180702 121950 44 7 67 34
20180702 121951 51 14 85 34
20180702 121952 43 8 84 26
20180702 121953 45 6 84 34
20180702 121954 44 13 82 23
20180702 121955 45 9 88 28
20180702 121956 36 10 79 25
20180702 121957 49 9 86 22
20180702 121958 37 9 71 35
20180702 121959 41 9 84 30
20180702 122000 50 11 83 26
20180702 122001 43 11 72 20
20180702 122002 40 5 84 26
20180702 122004 32 3 79 31
20180702 122005 45 10 82 29
20180702 122006 47 16 81 26
20180702 122007 43 7 94 36
20180702 122008 46 10 74 30
20180702 122009 39 12 70 33
20180702 122010 47 7 91 27
20180702 122011 47 8 77 30
20180702 122012 47 10 80 28
20180702 122013 45 10 75 28
20180702 122014 39 12 82 31
20180702 122015 40 11 81 34
20180702 122016 38 9 84 28
20180702 122017 48 7 81 33
20180702 122018 50 8 89 32
20180702 122019 41 12 83 33
20180702 122020 36 9 78 30
20180702 122021 39 10 97 27
20180702 122022 48 14 89 26
20180702 122023 43 5 72 31
20180702 122024 40 10 82 35
20180702 122025 37 12 75 26
20180702 122026 42 9 79 23
20180702 122027 42 5 78 24
20180702 122028 48 10 85 28
20180702 122029 37 12 85 34
20180702 122030 44 15 71 34
20180702 122031 52 9 76 29
20180702 122032 42 14 75 27
20180702 122033 42 6 88 29
20180702 122034 43 13 73 34
20180702 122035 41 8 78 31
20180702 122036 38 12 78 30
20180702 122037 37 12 79 31
20180702 122038 43 5 79 24
20180702 122039 40 6 75 35
20180702 122040 39 9 84 30
20180702 122041 45 10 83 29
20180702 122043 39 9 93 24
20180702 122044 37 12 80 26
20180702 122045 49 14 81 30
20180702 122046 46 8 75 30
20180702 122047 36 10 86 23
20180702 122048 46 7 94 24
20180702 122049 43 11 77 25
20180702 122050 45 7 78 27
20180702 122051 36 7 82 33
20180702 122052 46 10 92 33
20180702 122053 43 6 78 32
20180702 122054 40 8 84 25
20180702 122055 39 11 86 36
20180702 122056 46 14 81 27
20180702 122057 48 6 74 27
20180702 122058 36 10 77 26
20180702 122059 51 9 88 29
20180702 122100 40 11 84 29
20180702 122101 34 15 80 29
20180702 122102 45 15 87 28
20180702 122103 42 1 97 29
20180702 122104 43 7 87 27
20180702 122105 38 7 81 29
20180702 122106 41 13 80 34
20180702 122107 47 8 74 34
20180702 122108 48 4 79 31
20180702 122109 44 12 78 36
20180702 122110 41 11 77 31
20180702 122111 45 5 79 33
20180702 122112 47 10 75 32
20180702 122113 52 18 88 25
20180702 122114 40 15 83 33
20180702 122115 54 10 73 29
20180702 122116 45 11 79 24
20180702 122117 41 9 73 34
20180702 122118 42 16 73 29
20180702 122119 45 13 79 29
20180702 122120 43 9 93 29
20180702 122122 41 2 76 34
20180702 122123 44 8 92 30
20180702 122124 38 7 83 24
20180702 122125 50 13 68 26
20180702 122126 42 5 84 34
20180702 122127 45 12 72 26
20180702 122128 38 7 77 24
20180702 122129 35 5 78 23
20180702 122130 48 13 79 25
20180702 122131 45 3 88 26
20180702 122132 41 13 77 33
20180702 122133 50 9 69 33
20180702 122134 43 11 96 29
20180702 122135 44 11 77 34
20180702 122136 34 13 76 39
20180702 122137 43 13 82 22
20180702 122138 48 11 77 26
20180702 122139 44 8 81 33
20180702 122140 47 10 75 21
20180702 122141 42 9 72 26
20180702 122142 41 16 77 22
20180702 122143 39 13 82 28
20180702 122144 36 2 86 27
20180702 122145 40 9 78 30
20180702 122146 46 10 77 27
20180702 122147 35 12 70 31
20180702 122148 42 12 78 33
20180702 122149 45 10 72 26
20180702 122150 52 9 86 30
20180702 122151 47 14 86 27
20180702 122152 39 12 92 35
20180702 122153 38 4 75 28
20180702 122154 38 12 78 29
20180702 122155 43 14 79 28
20180702 122156 41 6 82 31
20180702 122157 38 9 86 25
20180702 122158 43 12 68 37
20180702 122159 39 12 75 33
20180702 122201 39 11 80 32
20180702 122202 51 10 83 30
20180702 122203 43 4 70 31
20180702 122204 43 7 83 27
20180702 122205 44 13 87 32
20180702 122206 34 7 82 23
20180702 122207 42 15 85 27
20180702 122208 44 11 79 29
20180702 122209 41 7 80 29
20180702 122210 37 12 82 27
20180702 122211 42 9 85 31
20180702 122212 41 4 68 30
20180702 122213 48 6 83 25
20180702 122214 50 14 71 20
20180702 122215 42 10 73 31
20180702 122216 43 14 80 25
20180702 122217 43 10 83 25
20180702 122218 40 9 75 30
20180702 122219 54 12 82 27
20180702 122220 45 8 82 28
20180702 122221 40 4 82 26
20180702 122222 46 6 73 29
20180702 122223 43 13 87 29
20180702 122224 41 9 74 30
20180702 122225 45 7 74 30
20180702 122226 41 3 81 28
20180702 122227 52 12 76 37
20180702 122228 53 14 90 22
20180702 122229 45 14 78 37
20180702 122230 39 11 83 29
20180702 122231 40 13 73 26
20180702 122232 43 6 83 30
20180702 122233 49 9 73 32
20180702 122234 42 10 87 28
20180702 122235 41 9 81 22
20180702 122236 42 6 67 30
20180702 122237 42 15 77 26
20180702 122238 47 13 76 31
20180702 122240 45 14 78 33
20180702 122241 37 10 73 27
20180702 122242 47 15 96 30
20180702 122243 47 10 77 34
20180702 122244 49 15 87 29
20180702 122245 38 7 86 26
20180702 122246 37 8 74 28
20180702 122247 37 12 88 28
20180702 122248 36 13 87 26
20180702 122249 41 12 82 36
20180702 122250 41 5 87 32
20180702 122251 43 11 81 31
20180702 122252 47 8 78 29
20180702 122253 51 9 86 31
20180702 122254 39 12 87 30
20180702 122255 51 14 80 27
20180702 122256 45 14 90 38
20180702 122257 45 8 83 28
20180702 122258 49 12 83 21
20180702 122259 50 3 95 28
20180702 122300 36 12 72 28
20180702 122301 37 15 72 27
20180702 122302 47 13 83 20
20180702 122303 44 7 85 26
20180702 122304 45 7 80 28
20180702 122305 39 6 83 34
20180702 122306 46 5 84 24
20180702 122307 45 10 92 33
20180702 122308 36 11 81 35
20180702 122309 37 11 87 25
20180702 122310 50 6 95 28
20180702 122311 33 8 83 27
20180702 122312 52 4 90 29
20180702 122313 40 5 83 28
20180702 122314 43 10 87 27
20180702 122315 43 9 81 23
20180702 122316 47 9 80 25
20180702 122317 42 12 88 28
20180702 122319 45 14 80 35
20180702 122320 50 6 85 23
20180702 122321 39 13 80 34
20180702 122322 35 17 95 25
20180702 122323 42 7 67 28
20180702 122324 47 7 77 36
20180702 122325 48 12 81 33
20180702 122326 41 8 87 26
20180702 122327 41 9 70 22
20180702 122328 44 13 84 23
20180702 122329 49 7 83 32
20180702 122330 43 14 80 33
20180702 122331 35 10 72 32
20180702 122332 42 3 84 31
20180702 122333 49 9 76 23
20180702 122334 46 16 77 34
20180702 122335 39 10 75 28
20180702 122336 41 11 75 26
20180702 122337 44 10 78 23
20180702 122338 40 11 81 29
20180702 122339 37 16 84 30
20180702 122340 37 10 91 26
20180702 122341 44 5 83 25
20180702 122342 41 6 87 30
20180702 122343 42 12 85 26
20180702 122344 39 11 77 37
20180702 122345 37 15 92 37
20180702 122346 42 14 83 25
20180702 122347 38 12 96 28
20180702 122348 41 9 70 27
20180702 122349 35 9 76 25
20180702 122350 36 6 95 32
20180702 122351 33 11 83 31
20180702 122352 36 8 78 33
20180702 122353 38 5 72 26
20180702 122354 51 12 78 33
20180702 122355 39 8 86 29
20180702 122356 41 12 73 31
20180702 122358 47 5 85 32
20180702 122359 43 13 79 21
20180702 122400 35 7 84 28
20180702 122401 44 10 82 31
20180702 122402 44 7 85 27
20180702 122403 45 14 83 37
20180702 122404 51 7 75 30
20180702 122405 37 14 69 36
20180702 122406 50 13 68 29
20180702 122407 41 11 81 33
20180702 122408 41 6 80 26
20180702 122409 34 8 79 28
20180702 122410 38 16 90 24
20180702 122411 36 9 88 31
20180702 122412 47 11 70 32
20180702 122413 54 15 80 26
20180702 122414 33 9 84 31
20180702 122415 38 5 82 25
20180702 122416 47 4 82 32
20180702 122417 48 10 82 24
20180702 122418 47 13 84 26
20180702 122419 45 6 82 34
20180702 122420 48 12 76 24
20180702 122421 34 9 95 27
20180702 122422 39 11 81 26
20180702 122423 38 9 74 35
20180702 122424 47 12 71 24
20180702 122425 40 7 84 26
20180702 122426 44 5 88 34
20180702 122427 42 7 87 26
20180702 122428 45 10 75 28
20180702 122429 47 13 80 29
20180702 122430 45 8 87 28
20180702 122431 41 8 79 27
20180702 122432 42 9 77 28
20180702 122433 47 11 75 36
20180702 122434 39 6 90 21
20180702 122435 35 9 70 28
20180702 122437 47 18 78 20
20180702 122438 42 8 77 25
20180702 122439 39 10 81 27
20180702 122440 41 9 73 24
20180702 122441 54 9 79 32
20180702 122442 41 13 80 29
20180702 122443 43 11 83 26
20180702 122444 42 5 99 34
20180702 122445 46 6 84 29
20180702 122446 46 9 76 28
20180702 122447 34 8 78 32
20180702 122448 38 7 95 30
20180702 122449 42 12 77 26
20180702 122450 37 7 85 29
20180702 122451 43 12 78 33
20180702 122452 40 5 84 26
20180702 122453 36 12 71 36
20180702 122454 38 10 76 26
20180702 122455 45 7 75 29
20180702 122456 46 14 80 28
20180702 122457 38 4 82 34
20180702 122458 40 9 78 32
20180702 122459 47 6 75 27
20180702 122500 38 12 81 28
20180702 122501 42 9 73 36
20180702 122502 34 8 68 27
20180702 122503 40 7 86 26
20180702 122504 52 13 79 32
20180702 122505 40 8 81 31
20180702 122506 36 9 86 28
20180702 122507 42 9 86 27
20180702 122508 44 11 86 31
20180702 122509 34 11 78 27
20180702 122510 41 7 76 24
20180702 122511 42 12 93 30
20180702 122512 44 15 69 26
20180702 122513 44 11 85 34
20180702 122514 39 9 88 29
20180702 122516 33 14 71 29
20180702 122517 41 9 81 28
20180702 122518 41 8 74 29
20180702 122519 45 6 76 31
20180702 122520 40 7 84 27
20180702 122521 42 13 79 32
20180702 122522 55 12 89 25
20180702 122523 41 8 87 29
20180702 122524 40 8 87 31
20180702 122525 40 8 84 28
20180702 122526 36 15 67 31
20180702 122527 45 14 88 25
20180702 122528 44 8 77 32
20180702 122529 50 15 78 20
20180702 122530 42 9 85 26
20180702 122531 43 8 75 27
20180702 122532 42 13 87 33
20180702 122533 47 12 81 29
20180702 122534 39 12 89 36
20180702 122535 46 15 76 25
20180702 122536 40 4 83 32
20180702 122537 40 5 83 29
20180702 122538 38 15 88 24
20180702 122539 35 7 76 28
20180702 122540 39 7 87 28
20180702 122541 42 10 73 34
20180702 122542 45 12 86 38
20180702 122543 41 10 71 28
20180702 122544 42 8 90 32
20180702 122545 45 8 82 30
20180702 122546 51 11 69 36
20180702 122547 46 8 79 33
20180702 122548 53 12 76 31
20180702 122549 50 14 80 30
20180702 122550 45 4 92 27
20180702 122551 46 15 86 25
20180702 122552 44 6 80 31
20180702 122553 38 3 68 31
20180702 122555 49 4 78 35
20180702 122556 41 12 84 34
20180702 122557 40 10 83 29
20180702 122558 49 9 86 29
20180702 122559 36 7 85 30
20180702 122600 40 8 88 32
20180702 122601 48 12 75 26
20180702 122602 39 6 84 34
20180702 122603 39 7 92 32
20180702 122604 43 7 82 31
20180702 122605 40 12 82 20
20180702 122606 45 7 81 25
20180702 122607 44 10 78 26
20180702 122608 45 13 82 26
20180702 122609 44 5 75 28
20180702 122610 43 10 88 27
20180702 122611 47 12 74 22
20180702 122612 43 2 75 29
20180702 122613 53 11 85 26
20180702 122614 40 11 79 33
20180702 122615 49 7 85 32
20180702 122616 36 10 82 26
20180702 122617 35 12 83 35
20180702 122618 53 13 70 31
20180702 122619 35 17 92 26
20180702 122620 37 7 92 25
20180702 122621 46 9 82 36
20180702 122622 40 8 74 39
20180702 122623 50 10 74 22
20180702 122624 43 13 81 29
20180702 122625 42 6 84 32
20180702 122626 39 12 71 35
20180702 122627 36 16 74 25
20180702 122628 33 11 81 29
20180702 122629 44 7 87 36
20180702 122630 44 12 88 31
20180702 122631 48 11 76 28
20180702 122632 47 14 90 31
20180702 122634 47 13 88 26
20180702 122635 43 12 82 30
20180702 122636 36 12 80 30
20180702 122637 54 9 78 24
20180702 122638 32 10 79 26
20180702 122639 43 9 83 21
20180702 122640 44 11 72 29
20180702 122641 45 12 82 31
20180702 122642 39 9 82 29
20180702 122643 48 4 87 33
20180702 122644 37 10 78 28
20180702 122645 41 16 89 27
20180702 122646 48 11 71 31
20180702 122647 39 9 84 28
20180702 122648 39 10 90 32
20180702 122649 39 15 73 34
20180702 122650 46 9 73 26
20180702 122651 40 9 94 27
20180702 122652 40 8 85 27
20180702 122653 43 7 81 33
20180702 122654 41 13 77 22
20180702 122655 51 14 78 35
20180702 122656 41 7 95 28
20180702 122657 45 10 79 35
20180702 122658 41 9 79 32
20180702 122659 46 10 85 34
20180702 122700 42 15 86 29
20180702 122701 51 11 81 29
20180702 122702 40 7 81 30
20180702 122703 39 7 75 27
20180702 122704 39 12 86 25
20180702 122705 45 11 75 36
20180702 122706 40 6 78 38
20180702 122707 32 11 82 31
20180702 122708 45 11 85 26
20180702 122709 41 11 84 23
20180702 122710 41 6 81 31
20180702 122711 53 10 73 29
20180702 122713 48 15 80 32
20180702 122714 47 9 82 34
20180702 122715 41 6 77 28
20180702 122716 34 13 79 29
20180702 122717 45 10 82 23
20180702 122718 42 11 80 27
20180702 122719 44 11 80 28
20180702 122720 43 10 94 26
20180702 122721 38 14 92 33
20180702 122722 45 9 87 28
20180702 122723 37 9 80 29
20180702 122724 41 14 77 21
20180702 122725 48 7 80 35
20180702 122726 43 13 82 30
20180702 122727 42 5 79 35
20180702 122728 43 13 81 28
20180702 122729 34 8 76 37
20180702 122730 41 4 98 26
20180702 122731 38 4 74 25
20180702 122732 46 10 83 30
20180702 122733 40 10 78 28
20180702 122734 41 6 85 30
20180702 122735 37 10 83 34
20180702 122736 38 8 85 24
20180702 122737 37 7 84 32
20180702 122738 45 10 75 24
20180702 122739 44 11 91 27
20180702 122740 44 11 70 28
20180702 122741 37 8 79 34
20180702 122742 46 14 78 34
20180702 122743 40 10 75 25
20180702 122744 48 16 82 37
20180702 122745 41 11 75 33
20180702 122746 44 12 80 28
20180702 122747 39 11 86 31
20180702 122748 39 6 96 29
20180702 122749 41 13 87 23
20180702 122750 48 12 73 22
20180702 122752 40 12 74 32
20180702 122753 34 8 72 32
20180702 122754 38 7 84 33
20180702 122755 40 9 72 26
20180702 122756 51 4 86 35
20180702 122757 48 7 82 39
20180702 122758 43 7 80 36
20180702 122759 46 5 91 39
20180702 122800 44 10 81 30
20180702 122801 48 12 78 33
20180702 122802 40 5 84 29
20180702 122803 38 9 77 28
20180702 122804 38 13 75 21
20180702 122805 35 11 81 27
20180702 122806 40 14 89 29
20180702 122807 45 5 78 33
20180702 122808 35 7 71 29
20180702 122809 51 12 92 28
20180702 122810 37 7 83 28
20180702 122811 38 8 81 27
20180702 122812 36 12 78 28
20180702 122813 35 6 83 32
20180702 122814 38 5 75 26
20180702 122815 46 6 87 40
20180702 122816 49 11 81 29
20180702 122817 37 10 81 32
20180702 122818 48 8 80 31
20180702 122819 41 3 91 26
20180702 122820 40 15 87 32
20180702 122821 42 11 75 32
20180702 122822 53 15 78 32
20180702 122823 41 8 80 27
20180702 122824 39 13 79 34
20180702 122825 41 9 83 27
20180702 122826 34 15 72 31
20180702 122827 44 17 77 25
20180702 122828 50 11 68 27
20180702 122829 43 5 90 29
20180702 122831 36 7 86 27
20180702 122832 41 10 79 31
20180702 122833 45 9 86 29
20180702 122834 43 9 77 34
20180702 122835 52 7 82 33
20180702 122836 41 11 88 25
20180702 122837 46 8 78 30
20180702 122838 48 13 85 24
20180702 122839 37 9 79 26
20180702 122840 39 3 91 34
20180702 122841 40 7 88 35
20180702 122842 39 8 89 39
20180702 122843 43 8 81 35
20180702 122844 44 15 75 29
20180702 122845 41 10 82 35
20180702 122846 48 5 73 36
20180702 122847 38 11 71 31
20180702 122848 48 11 81 23
20180702 122849 46 6 92 26
20180702 122850 45 7 76 40
20180702 122851 49 3 82 22
20180702 122852 36 14 74 37
20180702 122853 50 14 82 34
20180702 122854 39 8 82 30
20180702 122855 47 11 71 31
20180702 122856 38 11 69 26
20180702 122857 45 12 72 29
20180702 122858 42 6 73 35
20180702 122859 44 13 78 29
20180702 122900 44 15 74 25
20180702 122901 37 7 74 28
20180702 122902 50 12 88 28
20180702 122903 52 10 79 27
20180702 122904 45 9 75 37
20180702 122905 48 10 85 28
20180702 122906 39 9 82 24
20180702 122907 41 9 88 30
20180702 122908 43 11 88 26
20180702 122910 36 10 84 26
20180702 122911 47 4 83 31
20180702 122912 43 7 81 26
20180702 122913 49 11 79 26
20180702 122914 39 5 81 25
20180702 122915 48 11 88 27
20180702 122916 42 15 82 39
20180702 122917 48 11 74 24
20180702 122918 42 15 79 38
20180702 122919 41 13 72 30
20180702 122920 47 5 75 27
20180702 122921 43 6 74 34
20180702 122922 54 9 84 37
20180702 122923 39 14 79 32
20180702 122924 44 15 70 20
20180702 122925 37 6 80 24
20180702 122926 41 10 83 27
20180702 122927 40 9 90 30
20180702 122928 39 7 80 27
20180702 122929 44 11 81 26
20180702 122930 40 10 88 28
20180702 122931 44 15 72 28
20180702 122932 42 11 72 32
20180702 122933 43 14 93 40
20180702 122934 54 9 82 29
20180702 122935 37 6 86 32
20180702 122936 36 8 83 32
20180702 122937 34 13 82 37
20180702 122938 38 9 74 22
20180702 122939 39 9 85 25
20180702 122940 40 16 78 39
20180702 122941 45 16 91 22
20180702 122942 34 13 83 21
20180702 122943 40 17 85 30
20180702 122944 45 12 80 35
20180702 122945 46 10 89 30
20180702 122946 44 17 86 38
20180702 122947 37 9 87 39
20180702 122949 39 11 86 30
20180702 122950 48 10 77 28
20180702 122951 41 16 81 29
20180702 122952 46 9 74 26
20180702 122953 39 12 87 37
20180702 122954 45 10 80 31
20180702 122955 44 10 83 28
20180702 122956 43 6 79 31
20180702 122957 53 6 93 27
20180702 122958 40 16 89 25
20180702 122959 42 9 68 24
20180702 123000 44 10 81 28
20180702 123001 39 6 89 27
20180702 123002 43 11 79 35
20180702 123003 43 9 78 34
20180702 123004 39 5 84 31
20180702 123005 49 10 93 35
20180702 123006 48 9 79 28
20180702 123007 39 8 77 27
20180702 123008 42 8 83 26
20180702 123009 46 9 74 28
20180702 123010 42 12 73 33
20180702 123011 40 10 82 33
20180702 123012 42 5 85 25
20180702 123013 39 13 79 32
20180702 123014 38 7 82 21
20180702 123015 38 10 86 24
20180702 123016 41 9 96 30
20180702 123017 42 12 91 28
20180702 123018 44 7 78 23
20180702 123019 46 9 72 31
20180702 123020 47 15 70 30
20180702 123021 36 7 78 30
20180702 123022 44 11 75 25
20180702 123023 46 3 83 28
20180702 123024 46 18 74 33
20180702 123025 41 7 83 28
20180702 123026 43 14 77 24
20180702 123028 39 4 84 33
20180702 123029 43 10 82 21
20180702 123030 38 12 87 26
20180702 123031 43 6 80 28
20180702 123032 44 5 92 29
20180702 123033 41 11 89 32
20180702 123034 46 11 88 26
20180702 123035 42 10 73 34
20180702 123036 41 14 81 22
20180702 123037 43 11 74 19
20180702 123038 43 9 78 31
20180702 123039 40 6 88 29
20180702 123040 41 11 79 29
20180702 123041 49 8 70 30
20180702 123042 45 13 77 28
20180702 123043 43 10 76 30
20180702 123044 50 8 84 30
20180702 123045 44 5 80 32
20180702 123046 51 7 80 35
20180702 123047 46 13 78 27
20180702 123048 48 5 78 24
20180702 123049 48 12 93 28
20180702 123050 49 9 75 26
20180702 123051 53 6 86 37
20180702 123052 48 3 74 34
20180702 123053 38 5 80 32
20180702 123054 43 14 84 26
20180702 123055 39 14 74 25
20180702 123056 39 13 82 32
20180702 123057 51 9 86 28
20180702 123058 43 11 73 25
20180702 123059 45 7 85 31
20180702 123100 48 6 91 35
20180702 123101 40 5 78 32
20180702 123102 47 9 83 36
20180702 123103 39 6 74 30
20180702 123104 46 8 86 29
20180702 123105 41 14 79 28
20180702 123107 42 13 72 24
20180702 123108 42 11 78 27
20180702 123109 44 12 87 25
20180702 123110 43 16 83 29
20180702 123111 41 14 87 24
20180702 123112 43 14 79 29
20180702 123113 38 9 84 38
20180702 123114 43 13 79 33
20180702 123115 46 10 82 26
20180702 123116 43 9 81 37
20180702 123117 45 13 84 36
20180702 123118 50 11 87 33
20180702 123119 39 6 69 33
20180702 123120 45 7 86 33
20180702 123121 44 6 90 24
20180702 123122 38 9 74 34
20180702 123123 41 10 78 34
20180702 123124 43 10 84 36
20180702 123125 43 11 77 26
20180702 123126 47 9 76 38
20180702 123127 47 8 85 24
20180702 123128 39 9 76 26
20180702 123129 35 4 86 29
20180702 123130 51 8 79 27
20180702 123131 47 13 88 29
20180702 123132 41 10 74 29
20180702 123133 41 12 69 28
20180702 123134 42 10 79 34
20180702 123135 38 17 86 33
20180702 123136 36 14 75 34
20180702 123137 38 9 75 39
20180702 123138 39 8 72 28
20180702 123139 38 15 70 23
20180702 123140 39 5 75 28
20180702 123141 49 8 71 28
20180702 123142 47 5 81 26
20180702 123143 40 10 86 28
20180702 123144 46 7 73 30
20180702 123146 33 9 72 27
20180702 123147 45 13 67 30
20180702 123148 45 6 90 29
20180702 123149 55 8 81 31
20180702 123150 41 10 72 28
20180702 123151 42 6 83 35
20180702 123152 39 8 80 33
20180702 123153 41 11 71 25
20180702 123154 42 11 80 32
20180702 123155 38 9 73 27
20180702 123156 42 8 77 27
20180702 123157 39 9 69 34
20180702 123158 33 8 75 27
20180702 123159 38 7 91 30
20180702 123200 45 11 77 30
20180702 123201 43 12 83 25
20180702 123202 41 4 84 30
20180702 123203 40 7 79 27
20180702 123204 50 13 92 26
20180702 123205 48 13 84 27
20180702 123206 43 8 88 22
20180702 123207 48 7 77 24
20180702 123208 41 6 85 29
20180702 123209 43 16 85 29
20180702 123210 42 10 78 21
20180702 123211 42 7 79 34
20180702 123212 44 5 80 28
20180702 123213 46 8 82 30
20180702 123214 40 9 87 30
20180702 123215 43 6 89 28
20180702 123216 37 10 85 33
20180702 123217 44 15 75 25
20180702 123218 45 11 84 31
20180702 123219 36 10 84 32
20180702 123220 38 11 82 30
20180702 123221 42 11 82 32
20180702 123222 40 15 77 31
20180702 123223 46 13 85 28
20180702 123225 39 7 82 31
20180702 123226 46 13 80 27
20180702 123227 40 6 87 25
20180702 123228 47 9 85 32
20180702 123229 43 7 75 26
20180702 123230 48 5 74 25
20180702 123231 46 14 73 27
20180702 123232 43 9 93 25
20180702 123233 46 11 84 27
20180702 123234 39 12 83 27
20180702 123235 42 14 89 26
20180702 123236 43 13 76 29
20180702 123237 47 13 77 30
20180702 123238 44 10 68 28
20180702 123239 41 11 84 34
20180702 123240 53 5 70 31
20180702 123241 46 9 84 38
20180702 123242 37 10 76 29
20180702 123243 49 11 73 28
20180702 123244 41 9 73 28
20180702 123245 53 12 85 26
20180702 123246 48 10 83 36
20180702 123247 46 10 69 29
20180702 123248 42 9 82 32
20180702 123249 54 12 83 29
20180702 123250 42 9 91 31
20180702 123251 39 10 70 23
20180702 123252 50 11 80 29
20180702 123253 37 13 79 34
20180702 123254 47 15 83 37
20180702 123255 40 8 94 30
20180702 123256 39 14 74 29
20180702 123257 37 12 85 39
20180702 123258 42 14 79 28
20180702 123259 45 6 71 32
20180702 123300 44 9 76 22
20180702 123301 52 5 100 33
20180702 123302 38 15 78 30
20180702 123304 36 6 78 25
20180702 123305 36 6 77 39
20180702 123306 43 9 83 30
20180702 123307 53 13 85 23
20180702 123308 40 10 71 33
20180702 123309 45 9 86 24
20180702 123310 43 10 84 32
20180702 123311 53 9 74 32
20180702 123312 45 10 84 28
20180702 123313 49 8 67 30
20180702 123314 46 8 82 27
20180702 123315 50 9 72 21
20180702 123316 48 9 83 32
20180702 123317 39 3 72 27
20180702 123318 46 8 80 36
20180702 123319 43 9 80 31
20180702 123320 44 11 80 30
20180702 123321 43 6 88 27
20180702 123322 35 11 81 29
20180702 123323 40 7 75 31
20180702 123324 51 17 77 26
20180702 123325 48 13 75 31
20180702 123326 47 8 70 24
20180702 123327 41 14 79 28
20180702 123328 45 5 86 30
20180702 123329 36 5 80 20
20180702 123330 46 12 84 30
20180702 123331 34 5 85 26
20180702 123332 42 9 89 33
20180702 123333 34 11 74 28
20180702 123334 40 7 94 24
20180702 123335 43 11 73 31
20180702 123336 47 8 84 29
20180702 123337 37 13 88 19
20180702 123338 34 13 75 35
20180702 123339 45 6 93 25
20180702 123340 43 10 88 40
20180702 123341 42 13 79 26
20180702 123343 46 14 92 22
20180702 123344 35 9 84 26
20180702 123345 49 10 75 30
20180702 123346 43 14 82 35
20180702 123347 36 16 72 35
20180702 123348 38 10 82 37
20180702 123349 39 7 75 33
20180702 123350 52 6 86 30
20180702 123351 48 8 76 37
20180702 123352 39 13 82 36
20180702 123353 41 14 73 21
20180702 123354 47 6 86 31
20180702 123355 48 7 76 27
20180702 123356 43 14 80 29
20180702 123357 43 8 84 30
20180702 123358 42 10 73 32
20180702 123359 48 7 86 28
20180702 123400 41 11 83 35
20180702 123401 47 7 92 24
20180702 123402 40 3 75 34
20180702 123403 50 9 81 31
20180702 123404 46 10 86 28
20180702 123405 42 8 78 31
20180702 123406 46 12 78 27
20180702 123407 36 10 88 35
20180702 123408 36 8 75 25
20180702 123409 35 11 75 33
20180702 123410 39 5 80 25
20180702 123411 42 16 79 32
20180702 123412 51 8 70 34
20180702 123413 52 10 82 22
20180702 123414 48 12 74 23
20180702 123415 36 10 82 26
20180702 123416 41 9 75 30
20180702 123417 44 10 79 35
20180702 123418 37 9 74 31
20180702 123419 41 11 84 25
20180702 123420 44 13 74 34
20180702 123422 46 8 85 32
20180702 123423 37 12 80 32
20180702 123424 38 15 77 31
20180702 123425 37 7 81 31
20180702 123426 45 12 80 19
20180702 123427 45 4 88 30
20180702 123428 47 11 86 26
20180702 123429 36 10 74 32
20180702 123430 41 11 76 24
20180702 123431 49 11 78 29
20180702 123432 41 11 81 26
20180702 123433 45 13 72 28
20180702 123434 40 12 88 31
20180702 123435 39 14 83 30
20180702 123436 38 12 70 20
20180702 123437 46 5 75 25
20180702 123438 42 8 77 31
20180702 123439 48 12 80 24
20180702 123440 40 14 79 30
20180702 123441 46 3 72 28
20180702 123442 40 9 75 27
20180702 123443 50 12 85 31
20180702 123444 45 7 78 27
20180702 123445 35 11 74 36
20180702 123446 43 13 80 26
20180702 123447 45 4 79 34
20180702 123448 53 8 95 27
20180702 123449 41 13 69 25
20180702 123450 48 7 80 37
20180702 123451 42 15 76 29
20180702 123452 44 7 72 29
20180702 123453 45 6 80 30
20180702 123454 44 8 84 31
20180702 123455 43 16 80 33
20180702 123456 45 8 73 33
20180702 123457 47 8 80 29
20180702 123458 41 8 73 29
20180702 123459 42 9 76 38
20180702 123501 38 7 74 29
20180702 123502 47 9 85 24
20180702 123503 48 9 86 32
20180702 123504 41 11 74 30
20180702 123505 43 10 81 31
20180702 123506 46 9 78 30
20180702 123507 45 16 82 27
20180702 123508 45 8 88 37
20180702 123509 45 8 81 30
20180702 123510 42 14 80 35
20180702 123511 54 7 74 32
20180702 123512 44 5 78 31
20180702 123513 36 6 89 34
20180702 123514 34 3 85 26
20180702 123515 41 13 91 30
20180702 123516 37 16 82 25
20180702 123517 42 8 85 23
20180702 123518 45 7 85 34
20180702 123519 38 12 92 24
20180702 123520 47 3 73 34
20180702 123521 40 7 77 39
20180702 123522 40 9 78 32
20180702 123523 49 14 96 27
20180702 123524 42 13 71 31
20180702 123525 42 9 74 30
20180702 123526 38 11 87 31
20180702 123527 40 6 75 31
20180702 123528 36 6 77 29
20180702 123529 49 14 81 34
20180702 123530 44 8 74 25
20180702 123531 39 5 68 30
20180702 123532 37 9 83 23
20180702 123533 35 6 93 26
20180702 123534 38 12 89 29
20180702 123535 50 8 81 37
20180702 123536 38 13 73 36
20180702 123537 42 11 78 27
20180702 123538 37 9 81 28
20180702 123539 40 12 89 25
20180702 123541 49 6 72 32
20180702 123542 38 18 73 34
20180702 123543 41 9 92 30
20180702 123544 39 16 83 31
20180702 123545 47 9 92 22
20180702 123546 42 15 72 29
20180702 123547 49 10 89 28
20180702 123548 43 9 85 27
20180702 123549 41 8 76 30
20180702 123550 44 12 95 29
20180702 123551 47 15 84 24
20180702 123552 41 11 92 32
20180702 123553 40 15 74 33
20180702 123554 44 13 84 22
20180702 123555 46 11 76 31
20180702 123556 42 12 86 32
20180702 123557 33 13 90 39
20180702 123558 43 14 88 26
20180702 123559 42 12 75 29
20180702 123600 45 11 87 21
20180702 123601 49 9 98 25
20180702 123602 40 13 76 28
20180702 123603 49 7 82 25
20180702 123604 43 10 88 29
20180702 123605 40 6 87 32
20180702 123606 48 10 78 27
20180702 123607 40 15 83 26
20180702 123608 46 8 77 29
20180702 123609 40 11 82 29
20180702 123610 38 6 79 21
20180702 123611 44 15 86 26
20180702 123612 38 8 76 34
20180702 123613 39 7 77 28
20180702 123614 44 14 91 23
20180702 123615 47 11 80 28
20180702 123616 41 9 85 34
20180702 123617 40 5 68 35
20180702 123618 47 6 91 27
20180702 123620 43 10 72 25
20180702 123621 41 7 93 30
20180702 123622 53 11 81 22
20180702 123623 43 7 81 32
20180702 123624 43 9 80 28
20180702 123625 40 15 80 23
20180702 123626 35 10 81 32
20180702 123627 42 7 79 26
20180702 123628 44 8 86 37
20180702 123629 42 6 72 33
20180702 123630 42 7 79 26
20180702 123631 41 14 75 30
20180702 123632 44 10 83 32
20180702 123633 42 5 76 29
20180702 123634 42 10 74 27
20180702 123635 39 13 86 25
20180702 123636 44 9 81 19
20180702 123637 41 6 77 30
20180702 123638 37 8 88 27
20180702 123639 40 11 76 26
20180702 123640 43 5 86 23
20180702 123641 43 14 87 26
20180702 123642 40 7 74 32
20180702 123643 37 7 82 28
20180702 123644 39 8 86 36
20180702 123645 35 13 83 28
20180702 123646 36 8 77 30
20180702 123647 45 9 84 27
20180702 123648 43 11 81 31
20180702 123649 39 12 85 25
20180702 123650 40 8 99 32
20180702 123651 47 15 87 24
20180702 123652 41 5 81 24
20180702 123653 45 11 80 33
20180702 123654 51 7 74 29
20180702 123655 43 6 89 24
20180702 123656 45 12 77 24
20180702 123657 41 11 80 41
20180702 123659 44 11 80 31
20180702 123700 39 10 72 28
20180702 123701 47 7 86 25
20180702 123702 38 11 73 28
20180702 123703 41 6 71 29
20180702 123704 35 8 84 33
20180702 123705 39 15 85 32
20180702 123706 41 5 88 27
20180702 123707 49 13 89 26
20180702 123708 49 6 89 34
20180702 123709 41 9 83 25
20180702 123710 39 7 86 25
20180702 123711 41 7 83 29
20180702 123712 40 11 77 25
20180702 123713 50 7 81 34
20180702 123714 41 4 69 31
20180702 123715 54 12 82 29
20180702 123716 36 9 75 29
20180702 123717 45 8 85 29
20180702 123718 46 13 81 28
20180702 123719 48 16 74 30
20180702 123720 37 8 85 29
20180702 123721 35 14 86 33
20180702 123722 39 7 86 31
20180702 123723 37 11 85 30
20180702 123724 45 12 73 33
20180702 123725 40 11 77 35
20180702 123726 54 10 78 25
20180702 123727 42 16 93 28
20180702 123728 39 11 75 26
20180702 123729 52 5 86 24
20180702 123730 37 7 70 32
20180702 123731 46 9 80 31
20180702 123732 43 9 75 32
20180702 123733 41 7 85 26
20180702 123734 47 14 90 22
20180702 123735 34 10 76 33
20180702 123736 40 15 72 34
20180702 123738 43 10 89 24
20180702 123739 44 12 79 26
20180702 123740 45 9 76 32
20180702 123741 42 7 73 25
20180702 123742 44 8 87 25
20180702 123743 42 10 82 36
20180702 123744 36 10 76 27
20180702 123745 39 7 73 26
20180702 123746 40 10 76 26
20180702 123747 45 4 76 32
20180702 123748 41 12 71 29
20180702 123749 41 10 75 34
20180702 123750 44 12 81 38
20180702 123751 37 10 91 32
20180702 123752 40 4 92 30
20180702 123753 33 15 84 26
20180702 123754 44 5 88 26
20180702 123755 39 8 84 39
20180702 123756 37 14 85 27
20180702 123757 48 14 76 29
20180702 123758 48 11 69 30
20180702 123759 44 7 85 34
20180702 123800 43 3 81 30
20180702 123801 35 4 86 25
20180702 123802 51 12 81 26
20180702 123803 45 2 70 23
20180702 123804 44 11 83 40
20180702 123805 44 8 80 27
20180702 123806 43 11 71 34
20180702 123807 43 13 78 32
20180702 123808 44 5 72 29
20180702 123809 39 14 81 30
20180702 123810 50 8 82 25
20180702 123811 47 14 71 33
20180702 123812 43 9 83 30
20180702 123813 36 12 81 29
20180702 123814 38 13 97 30
20180702 123815 40 16 87 31
20180702 123817 39 15 78 25
20180702 123818 39 10 93 33
20180702 123819 40 14 83 30
20180702 123820 50 9 92 28
20180702 123821 44 12 81 30
20180702 123822 49 13 74 37
20180702 123823 43 4 88 25
20180702 123824 45 6 86 32
20180702 123825 46 14 71 28
20180702 123826 46 13 82 34
20180702 123827 46 11 75 27
20180702 123828 49 14 82 36
20180702 123829 39 13 85 32
20180702 123830 45 9 74 28
20180702 123831 46 9 84 26
20180702 123832 40 13 80 30
20180702 123833 46 16 81 25
20180702 123834 49 5 81 25
20180702 123835 40 8 74 28
20180702 123836 39 10 75 39
20180702 123837 39 12 91 37
20180702 123838 41 14 90 22
20180702 123839 45 5 78 33
20180702 123840 42 6 87 23
20180702 123841 38 13 78 20
20180702 123842 39 9 88 32
20180702 123843 38 10 84 33
20180702 123844 40 10 79 29
20180702 123845 48 14 75 20
20180702 123846 36 8 85 26
20180702 123847 41 11 81 29
20180702 123848 44 4 73 25
20180702 123849 39 6 89 29
20180702 123850 38 13 81 25
20180702 123851 38 6 78 25
20180702 123852 43 12 83 31
20180702 123853 50 10 80 27
20180702 123854 43 10 96 27
20180702 123856 33 9 77 26
20180702 123857 45 12 79 29
20180702 123858 40 12 71 35
20180702 123859 51 11 77 26
20180702 123900 45 7 75 28
20180702 123901 37 6 91 27
20180702 123902 45 9 79 39
20180702 123903 43 7 84 35
20180702 123904 44 6 77 25
20180702 123905 41 11 89 31
20180702 123906 38 7 88 26
20180702 123907 41 11 79 31
20180702 123908 37 7 83 33
20180702 123909 44 12 81 34
20180702 123910 47 14 81 27
20180702 123911 54 11 86 27
20180702 123912 40 10 70 29
20180702 123913 45 16 79 31
20180702 123914 43 9 84 25
20180702 123915 44 6 70 26
20180702 123916 48 4 77 29
20180702 123917 37 11 81 25
20180702 123918 38 10 80 34
20180702 123919 46 8 81 38
20180702 123920 44 8 82 35
20180702 123921 44 13 96 26
20180702 123922 33 15 84 29
20180702 123923 47 3 81 26
20180702 123924 45 17 87 29
20180702 123925 44 3 84 27
20180702 123926 42 14 78 35
20180702 123927 47 7 86 28
20180702 123928 52 10 67 25
20180702 123929 38 11 77 36
20180702 123930 43 15 85 28
20180702 123931 37 12 88 24
20180702 123932 45 6 91 33
20180702 123933 53 14 95 31
20180702 123935 42 7 89 29
20180702 123936 40 10 80 26
20180702 123937 48 7 69 35
20180702 123938 34 4 82 25
20180702 123939 43 12 77 29
20180702 123940 42 9 76 20
20180702 123941 42 7 91 24
20180702 123942 44 6 82 24
20180702 123943 49 13 85 29
20180702 123944 33 10 68 24
20180702 123945 47 3 85 19
20180702 123946 43 4 75 27
20180702 123947 54 8 74 35
20180702 123948 44 15 92 30
20180702 123949 38 8 85 35
20180702 123950 41 8 76 23
20180702 123951 39 9 77 29
20180702 123952 43 9 83 26
20180702 123953 49 11 82 31
20180702 123954 43 12 73 27
20180702 123955 51 13 76 25
20180702 123956 42 6 79 33
20180702 123957 38 12 75 32
20180702 123958 42 7 72 32
20180702 123959 39 10 80 33
20180702 124000 49 9 79 29
20180702 124001 42 13 81 26
20180702 124002 43 14 84 29
20180702 124003 53 16 76 23
20180702 124004 44 8 74 29
20180702 124005 48 6 84 31
20180702 124006 35 5 80 26
20180702 124007 45 9 89 31
20180702 124008 39 17 83 32
20180702 124009 37 8 80 32
20180702 124010 35 8 86 30
20180702 124011 50 12 82 30
20180702 124012 47 10 67 29
20180702 124014 39 7 91 26
20180702 124015 40 13 93 19
20180702 124016 43 10 84 26
20180702 124017 50 9 76 31
20180702 124018 45 14 79 30
20180702 124019 39 6 91 30
20180702 124020 38 15 73 35
20180702 124021 52 15 76 24
20180702 124022 42 8 75 27
20180702 124023 43 6 84 34
20180702 124024 33 12 83 28
20180702 124025 35 13 94 25
20180702 124026 49 10 90 27
20180702 124027 46 10 85 21
20180702 124028 45 3 78 24
20180702 124029 47 8 77 32
20180702 124030 42 13 75 31
20180702 124031 46 13 84 30
20180702 124032 45 11 83 27
20180702 124033 42 9 82 27
20180702 124034 47 12 81 25
20180702 124035 40 12 72 31
20180702 124036 35 13 79 28
20180702 124037 39 10 71 28
20180702 124038 48 10 89 26
20180702 124039 44 11 81 29
20180702 124040 47 12 90 26
20180702 124041 48 7 86 24
20180702 124042 43 8 72 36
20180702 124043 52 7 72 23
20180702 124044 43 13 73 25
20180702 124045 43 10 76 30
20180702 124046 38 3 74 39
20180702 124047 45 12 79 36
20180702 124048 42 13 93 25
20180702 124049 47 6 84 31
20180702 124050 37 10 86 30
20180702 124051 46 14 80 28
20180702 124053 47 3 77 25
20180702 124054 47 14 83 26
20180702 124055 40 7 92 33
20180702 124056 39 12 84 30
20180702 124057 44 8 95 32
20180702 124058 36 12 79 29
20180702 124059 39 8 84 38
20180702 124100 43 12 82 31
20180702 124101 39 6 91 29
20180702 124102 40 15 93 23
20180702 124103 50 10 83 30
20180702 124104 42 9 69 29
20180702 124105 42 14 89 24
20180702 124106 42 8 79 28
20180702 124107 50 8 72 29
20180702 124108 36 8 78 23
20180702 124109 45 7 84 30
20180702 124110 46 8 87 30
20180702 124111 45 12 84 30
20180702 124112 45 5 71 23
20180702 124113 49 7 79 32
20180702 124114 45 10 75 28
20180702 124115 43 7 80 31
20180702 124116 38 15 80 28
20180702 124117 47 9 82 35
20180702 124118 44 6 81 34
20180702 124119 44 2 76 33
20180702 124120 43 9 80 29
20180702 124121 38 3 89 31
20180702 124122 43 9 85 34
20180702 124123 35 8 79 31
20180702 124124 43 10 90 35
20180702 124125 39 11 72 31
20180702 124126 36 14 89 31
20180702 124127 39 8 82 31
20180702 124128 41 9 78 24
20180702 124129 47 6 74 31
20180702 124130 40 9 78 21
20180702 124131 46 7 84 31
20180702 124133 47 10 92 23
20180702 124134 40 15 68 33
20180702 124135 44 13 66 27
20180702 124136 38 8 76 28
20180702 124137 35 9 89 31
20180702 124138 47 11 82 27
20180702 124139 40 11 77 27
20180702 124140 49 12 76 24
20180702 124141 37 9 85 26
20180702 124142 37 7 88 25
20180702 124143 41 9 92 27
20180702 124144 44 11 79 29
20180702 124145 42 12 81 27
20180702 124146 43 9 84 28
20180702 124147 43 15 80 37
20180702 124148 38 11 86 29
20180702 124149 43 12 79 35
20180702 124150 43 13 91 20
20180702 124151 41 13 81 24
20180702 124152 45 11 85 34
20180702 124153 49 5 73 28
20180702 124154 39 12 80 27
20180702 124155 45 11 74 25
20180702 124156 43 10 92 38
20180702 124157 36 7 83 29
20180702 124158 43 11 77 30
20180702 124159 45 12 82 36
20180702 124200 38 7 76 35
20180702 124201 40 12 89 31
20180702 124202 43 12 88 32
20180702 124203 50 9 88 27
20180702 124204 44 15 68 27
20180702 124205 47 10 84 29
20180702 124206 49 8 78 35
20180702 124207 45 10 82 26
20180702 124208 41 11 77 32
20180702 124209 38 13 81 30
20180702 124210 37 10 76 29
20180702 124212 41 12 88 29
20180702 124213 52 10 84 30
20180702 124214 41 6 83 23
20180702 124215 48 4 73 39
20180702 124216 44 12 79 29
20180702 124217 38 5 80 28
20180702 124218 45 9 76 27
20180702 124219 46 6 82 32
20180702 124220 44 15 79 30
20180702 124221 44 2 73 32
20180702 124222 48 5 81 30
20180702 124223 41 14 87 24
20180702 124224 44 13 84 29
20180702 124225 42 4 78 25
20180702 124226 44 9 78 26
20180702 124227 37 8 79 28
20180702 124228 37 3 80 25
20180702 124229 44 8 70 28
20180702 124230 40 14 78 29
20180702 124231 36 11 80 32
20180702 124232 38 9 75 32
20180702 124233 42 9 78 36
20180702 124234 45 11 89 22
20180702 124235 38 12 76 28
20180702 124236 46 3 79 27
20180702 124237 36 5 91 24
20180702 124238 44 13 87 26
20180702 124239 35 12 78 24
20180702 124240 46 8 84 27
20180702 124241 50 7 81 29
20180702 124242 40 7 84 31
20180702 124243 39 17 83 32
20180702 124244 44 9 74 25
20180702 124245 45 9 79 30
20180702 124246 35 11 73 32
20180702 124247 42 9 83 29
20180702 124248 36 11 85 30
20180702 124249 36 13 84 29
20180702 124251 39 9 87 27
20180702 124252 43 15 88 37
20180702 124253 42 10 86 30
20180702 124254 40 10 79 34
20180702 124255 34 9 82 36
20180702 124256 38 2 67 28
20180702 124257 38 10 84 32
20180702 124258 40 13 84 25
20180702 124259 50 16 76 22
20180702 124300 35 7 67 25
20180702 124301 40 12 91 31
20180702 124302 44 7 79 26
20180702 124303 46 11 94 31
20180702 124304 48 9 72 35
20180702 124305 42 7 84 33
20180702 124306 37 4 80 35
20180702 124307 38 10 86 20
20180702 124308 36 7 74 29
20180702 124309 49 6 90 27
20180702 124310 38 11 73 28
20180702 124311 40 13 84 27
20180702 124312 49 7 86 41
20180702 124313 43 10 85 30
20180702 124314 49 8 85 25
20180702 124315 37 14 86 26
20180702 124316 37 10 80 30
20180702 124317 54 7 86 33
20180702 124318 40 11 79 33
20180702 124319 48 6 95 27
20180702 124320 50 11 75 31
20180702 124321 46 11 85 29
20180702 124322 55 8 87 29
20180702 124323 42 10 78 40
20180702 124324 40 10 82 36
20180702 124325 34 11 86 29
20180702 124326 48 16 75 32
20180702 124327 35 12 71 33
20180702 124328 45 7 89 32
20180702 124330 46 13 80 25
20180702 124331 40 8 82 33
20180702 124332 41 6 87 31
20180702 124333 40 9 84 25
20180702 124334 42 12 73 31
20180702 124335 41 14 84 39
20180702 124336 45 17 79 32
20180702 124337 43 7 90 32
20180702 124338 46 5 77 31
20180702 124339 39 10 70 33
20180702 124340 44 10 79 32
20180702 124341 43 10 77 26
20180702 124342 41 18 92 35
20180702 124343 43 12 81 23
20180702 124344 37 9 83 28
20180702 124345 39 7 73 20
20180702 124346 40 11 86 32
20180702 124347 41 7 72 34
20180702 124348 41 7 75 27
20180702 124349 43 7 85 19
20180702 124350 44 7 98 34
20180702 124351 45 12 77 34
20180702 124352 42 12 76 33
20180702 124353 38 7 88 27
20180702 124354 48 7 79 30
20180702 124355 35 12 88 30
20180702 124356 42 7 78 26
20180702 124357 38 12 80 26
20180702 124358 45 9 75 29
20180702 124359 55 10 83 33
20180702 124400 46 15 87 27
20180702 124401 42 5 84 23
20180702 124402 47 9 73 27
20180702 124403 35 11 73 26
20180702 124404 39 12 81 30
20180702 124405 37 13 81 28
20180702 124406 41 9 95 27
20180702 124407 48 11 81 37
20180702 124409 40 8 86 31
20180702 124410 47 10 91 28
20180702 124411 43 11 75 31
20180702 124412 38 13 86 35
20180702 124413 42 10 83 25
20180702 124414 43 11 84 32
20180702 124415 40 7 84 33
20180702 124416 41 13 84 32
20180702 124417 43 8 73 22
20180702 124418 38 8 78 32
20180702 124419 52 10 87 40
20180702 124420 37 8 88 20
20180702 124421 43 10 83 30
20180702 124422 48 15 78 28
20180702 124423 44 5 73 29
20180702 124424 38 9 92 27
20180702 124425 37 9 88 35
20180702 124426 36 10 78 31
20180702 124427 40 5 82 38
20180702 124428 41 7 92 36
20180702 124429 34 10 80 29
20180702 124430 39 11 82 32
20180702 124431 44 6 81 34
20180702 124432 43 13 74 32
20180702 124433 40 10 87 34
20180702 124434 47 9 85 27
20180702 124435 44 7 85 34
20180702 124436 34 10 70 27
20180702 124437 47 9 70 32
20180702 124438 44 7 75 28
20180702 124439 45 9 76 25
20180702 124440 43 8 78 31
20180702 124441 45 13 80 26
20180702 124442 35 10 71 29
20180702 124443 33 9 74 31
20180702 124444 35 8 80 34
20180702 124445 39 9 84 36
20180702 124446 44 8 94 33
20180702 124448 37 11 75 35
20180702 124449 49 8 85 28
20180702 124450 43 9 79 32
20180702 124451 39 13 82 35
20180702 124452 36 9 97 39
20180702 124453 48 14 86 26
20180702 124454 41 9 91 37
20180702 124455 50 7 83 32
20180702 124456 47 13 90 31
20180702 124457 37 11 80 36
20180702 124458 36 6 97 30
20180702 124459 49 12 82 23
20180702 124500 51 6 79 28
20180702 124501 39 11 80 26
20180702 124502 42 8 86 28
20180702 124503 41 12 86 34
20180702 124504 37 9 75 22
20180702 124505 48 10 70 35
20180702 124506 39 11 78 29
20180702 124507 40 8 82 26
20180702 124508 47 8 80 33
20180702 124509 54 13 85 36
20180702 124510 48 9 84 29
20180702 124511 41 7 80 34
20180702 124512 39 7 82 33
20180702 124513 38 13 83 23
20180702 124514 47 15 77 27
20180702 124515 46 3 87 28
20180702 124516 40 5 80 27
20180702 124517 39 16 80 38
20180702 124518 45 10 77 34
20180702 124519 40 8 87 21
20180702 124520 50 4 67 25
20180702 124521 37 13 71 32
20180702 124522 47 12 83 29
20180702 124523 42 14 86 28
20180702 124524 45 13 91 36
20180702 124525 39 12 87 30
20180702 124527 34 9 76 28
20180702 124528 39 9 80 26
20180702 124529 48 12 74 29
20180702 124530 41 11 72 35
20180702 124531 37 10 84 26
20180702 124532 38 8 75 27
20180702 124533 43 7 84 32
20180702 124534 37 12 82 28
20180702 124535 36 6 77 24
20180702 124536 47 11 77 29
20180702 124537 35 8 75 27
20180702 124538 37 11 83 24
20180702 124539 35 13 76 35
20180702 124540 39 8 73 32
20180702 124541 40 3 90 31
20180702 124542 47 9 78 27
20180702 124543 37 14 82 26
20180702 124544 38 4 93 26
20180702 124545 43 9 82 24
20180702 124546 45 14 69 37
20180702 124547 45 12 83 29
20180702 124548 48 7 81 35
20180702 124549 38 11 78 24
20180702 124550 37 11 70 29
20180702 124551 45 14 68 22
20180702 124552 35 10 82 27
20180702 124553 38 7 74 27
20180702 124554 46 13 77 33
20180702 124555 38 8 78 20
20180702 124556 43 10 88 29
20180702 124557 48 8 89 29
20180702 124558 48 4 83 34
20180702 124559 41 6 79 24
20180702 124600 47 8 86 31
20180702 124601 36 9 72 27
20180702 124602 39 8 73 21
20180702 124603 39 7 81 26
20180702 124604 39 12 84 31
20180702 124606 52 10 82 28
20180702 124607 41 6 78 26
20180702 124608 49 7 84 27
20180702 124609 45 8 82 26
20180702 124610 43 8 78 28
20180702 124611 42 8 74 31
20180702 124612 48 15 74 33
20180702 124613 34 9 79 30
20180702 124614 46 13 81 34
20180702 124615 37 11 84 27
20180702 124616 37 12 85 25
20180702 124617 43 15 87 31
20180702 124618 39 9 87 29
20180702 124619 38 6 85 28
20180702 124620 43 7 79 26
20180702 124621 40 9 86 29
20180702 124622 42 10 80 29
20180702 124623 45 9 82 35
20180702 124624 41 10 86 24
20180702 124625 40 8 71 33
20180702 124626 43 12 74 21
20180702 124627 46 11 79 29
20180702 124628 40 6 74 23
20180702 124629 47 6 80 27
20180702 124630 46 10 79 29
20180702 124631 36 8 77 28
20180702 124632 50 12 80 29
20180702 124633 47 11 76 33
20180702 124634 45 12 80 25
20180702 124635 48 6 79 24
20180702 124636 39 5 85 27
20180702 124637 36 11 69 31
20180702 124638 35 7 79 31
20180702 124639 45 12 78 31
20180702 124640 44 11 68 30
20180702 124641 38 8 75 29
20180702 124642 39 9 75 24
20180702 124643 38 13 88 32
20180702 124645 46 12 68 32
20180702 124646 39 12 72 34
20180702 124647 40 8 88 29
20180702 124648 42 8 84 27
20180702 124649 38 12 78 29
20180702 124650 38 12 70 27
20180702 124651 39 5 92 37
20180702 124652 37 10 72 35
20180702 124653 50 10 87 28
20180702 124654 36 8 74 23
20180702 124655 36 14 91 33
20180702 124656 50 12 85 30
20180702 124657 39 9 77 29
20180702 124658 41 12 87 22
20180702 124659 36 3 87 29
20180702 124700 41 11 86 26
20180702 124701 40 15 74 37
20180702 124702 40 6 81 37
20180702 124703 43 11 82 22
20180702 124704 43 12 72 29
20180702 124705 36 14 82 24
20180702 124706 43 15 83 26
20180702 124707 39 16 88 26
20180702 124708 42 13 82 28
20180702 124709 44 14 77 25
20180702 124710 37 12 86 32
20180702 124711 45 10 78 33
20180702 124712 40 10 76 27
20180702 124713 39 5 73 26
20180702 124714 37 14 83 19
20180702 124715 40 7 73 33
20180702 124716 41 7 86 29
20180702 124717 44 8 76 30
20180702 124718 42 12 83 29
20180702 124719 40 12 83 32
20180702 124720 44 12 90 31
20180702 124721 45 10 74 29
20180702 124722 39 8 84 31
20180702 124723 42 6 71 25
20180702 124725 40 7 90 23
20180702 124726 41 5 89 33
20180702 124727 45 14 80 34
20180702 124728 38 9 79 29
20180702 124729 41 8 70 29
20180702 124730 42 10 76 26
20180702 124731 41 12 74 26
20180702 124732 46 11 85 26
20180702 124733 43 13 76 31
20180702 124734 52 9 86 34
20180702 124735 36 9 71 31
20180702 124736 49 10 83 30
20180702 124737 47 5 76 28
20180702 124738 53 13 78 22
20180702 124739 47 9 86 33
20180702 124740 46 7 72 27
20180702 124741 51 6 83 32
20180702 124742 34 9 83 23
20180702 124743 42 10 85 33
20180702 124744 42 9 95 29
20180702 124745 46 10 77 36
20180702 124746 45 9 86 37
20180702 124747 47 18 74 23
20180702 124748 35 16 80 34
20180702 124749 41 10 84 26
20180702 124750 46 10 95 29
20180702 124751 39 18 86 33
20180702 124752 36 5 84 34
20180702 124753 39 10 82 28
20180702 124754 48 13 73 28
20180702 124755 37 12 84 27
20180702 124756 42 11 70 28
20180702 124757 40 7 86 27
20180702 124758 50 10 82 29
20180702 124759 40 6 84 22
20180702 124800 36 11 75 22
20180702 124801 40 5 80 23
20180702 124802 36 16 79 28
20180702 124804 38 9 84 28
20180702 124805 44 8 73 29
20180702 124806 49 10 75 27
20180702 124807 42 10 83 33
20180702 124808 41 7 83 26
20180702 124809 43 16 80 34
20180702 124810 44 8 82 27
20180702 124811 38 10 93 33
20180702 124812 48 12 84 30
20180702 124813 38 6 81 28
20180702 124814 44 8 74 29
20180702 124815 45 6 68 31
20180702 124816 46 13 73 30
20180702 124817 40 6 79 33
20180702 124818 48 13 87 25
20180702 124819 38 8 80 35
20180702 124820 37 9 84 31
20180702 124821 49 8 80 38
20180702 124822 45 7 79 31
20180702 124823 43 10 73 29
20180702 124824 38 7 78 27
20180702 124825 38 8 94 25
20180702 124826 39 10 74 27
20180702 124827 45 11 84 24
20180702 124828 44 9 82 25
20180702 124829 39 12 83 27
20180702 124830 44 8 80 29
20180702 124831 36 13 71 29
20180702 124832 43 9 69 29
20180702 124833 45 8 79 22
20180702 124834 51 12 93 30
20180702 124835 43 15 76 35
20180702 124836 49 14 86 27
20180702 124837 43 9 90 27
20180702 124838 40 14 86 26
20180702 124839 47 7 76 21
20180702 124840 39 7 80 30
20180702 124841 37 10 77 22
20180702 124843 51 10 74 33
20180702 124844 42 9 87 29
20180702 124845 44 4 74 27
20180702 124846 38 13 75 29
20180702 124847 35 9 80 31
20180702 124848 46 9 89 28
20180702 124849 46 12 73 26
20180702 124850 43 14 81 26
20180702 124851 44 11 84 31
20180702 124852 41 12 76 29
20180702 124853 40 6 90 25
20180702 124854 40 11 79 29
20180702 124855 42 6 78 28
20180702 124856 42 11 85 33
20180702 124857 49 8 91 34
20180702 124858 48 5 81 40
20180702 124859 37 7 73 24
20180702 124900 39 6 91 28
20180702 124901 37 14 89 25
20180702 124902 40 5 73 36
20180702 124903 40 12 90 31
20180702 124904 40 12 70 27
20180702 124905 47 7 77 35
20180702 124906 38 10 78 35
20180702 124907 41 13 79 22
20180702 124908 35 16 77 22
20180702 124909 53 11 75 39
20180702 124910 48 13 79 29
20180702 124911 42 11 90 32
20180702 124912 36 6 84 28
20180702 124913 40 17 70 30
20180702 124914 35 10 76 32
20180702 124915 43 11 88 31
20180702 124916 45 8 85 31
20180702 124917 44 14 82 34
20180702 124918 39 11 92 31
20180702 124919 45 8 84 31
20180702 124920 38 10 88 32
20180702 124922 35 9 78 26
20180702 124923 46 9 70 26
20180702 124924 40 14 82 32
20180702 124925 43 14 83 32
20180702 124926 39 8 76 24
20180702 124927 35 12 93 29
20180702 124928 40 11 81 32
20180702 124929 40 16 78 27
20180702 124930 47 10 79 29
20180702 124931 42 13 82 22
20180702 124932 37 14 80 23
20180702 124933 43 9 79 39
20180702 124934 35 9 79 23
20180702 124935 43 16 79 33
20180702 124936 43 9 93 28
20180702 124937 46 9 82 31
20180702 124938 39 13 83 29
20180702 124939 43 7 80 34
20180702 124940 39 10 91 33
20180702 124941 44 7 91 32
20180702 124942 33 11 80 25
20180702 124943 40 7 73 29
20180702 124944 38 5 78 32
20180702 124945 52 13 71 21
20180702 124946 41 13 79 34
20180702 124947 48 7 74 29
20180702 124948 51 10 79 30
20180702 124949 42 7 69 28
20180702 124950 38 10 71 21
20180702 124951 41 9 73 37
20180702 124952 44 5 76 32
20180702 124953 45 9 84 30
20180702 124954 39 8 80 28
20180702 124955 48 11 79 28
20180702 124956 38 10 73 37
20180702 124957 41 4 87 33
20180702 124958 43 15 71 33
20180702 124959 44 11 79 34
20180702 125001 43 11 81 23
20180702 125002 38 9 79 23
20180702 125003 47 12 91 27
20180702 125004 43 11 93 29
20180702 125005 39 12 84 23
20180702 125006 42 13 89 30
20180702 125007 42 16 73 31
20180702 125008 38 14 80 28
20180702 125009 38 10 78 24
20180702 125010 45 7 84 34
20180702 125011 45 8 76 26
20180702 125012 39 11 79 27
20180702 125013 41 8 93 24
20180702 125014 43 9 87 23
20180702 125015 36 12 78 28
20180702 125016 46 6 77 20
20180702 125017 44 8 85 33
20180702 125018 38 12 90 37
20180702 125019 39 10 84 21
20180702 125020 43 8 82 32
20180702 125021 44 11 85 27
20180702 125022 46 13 70 37
20180702 125023 40 2 86 25
20180702 125024 35 12 78 32
20180702 125025 42 6 90 27
20180702 125026 37 8 74 31
20180702 125027 35 4 80 32
20180702 125028 34 7 84 26
20180702 125029 40 10 82 27
20180702 125030 44 6 70 35
20180702 125031 46 16 80 37
20180702 125032 37 10 72 32
20180702 125033 46 5 75 24
20180702 125034 47 7 77 21
20180702 125035 35 6 87 31
20180702 125036 41 6 86 37
20180702 125037 41 13 77 31
20180702 125038 52 10 89 31
20180702 125040 42 6 74 21
20180702 125041 48 10 78 30
20180702 125042 42 12 82 22
20180702 125043 49 17 83 25
20180702 125044 48 7 82 34
20180702 125045 37 8 79 32
20180702 125046 37 5 80 27
20180702 125047 37 7 87 34
20180702 125048 37 9 76 31
20180702 125049 45 11 71 29
20180702 125050 35 11 85 28
20180702 125051 46 13 70 34
20180702 125052 42 13 75 39
20180702 125053 49 8 84 28
20180702 125054 34 7 96 26
20180702 125055 42 5 81 27
20180702 125056 41 11 71 29
20180702 125057 41 6 85 20
20180702 125058 45 12 83 22
20180702 125059 49 10 81 28
20180702 125100 42 8 89 26
20180702 125101 33 10 74 31
20180702 125102 45 9 81 31
20180702 125103 51 15 84 23
20180702 125104 47 5 83 32
20180702 125105 43 9 87 20
20180702 125106 36 12 72 36
20180702 125107 43 12 73 28
20180702 125108 43 9 86 28
20180702 125109 42 6 79 23
20180702 125110 44 10 79 28
20180702 125111 41 10 85 33
20180702 125112 46 10 92 26
20180702 125113 45 10 73 28
20180702 125114 38 18 81 29
20180702 125115 40 13 85 28
20180702 125116 44 10 77 22
20180702 125117 49 11 75 22
20180702 125119 44 9 72 25
20180702 125120 34 9 95 30
20180702 125121 41 11 88 35
20180702 125122 43 9 78 27
20180702 125123 36 12 80 30
20180702 125124 35 10 83 31
20180702 125125 40 10 81 33
20180702 125126 44 9 84 29
20180702 125127 43 10 84 30
20180702 125128 41 12 91 32
20180702 125129 44 10 73 27
20180702 125130 44 10 85 24
20180702 125131 37 17 81 25
20180702 125132 42 13 83 29
20180702 125133 40 11 74 33
20180702 125134 48 11 84 29
20180702 125135 39 6 78 29
20180702 125136 40 10 76 22
20180702 125137 43 10 78 23
20180702 125138 51 12 89 28
20180702 125139 50 5 82 31
20180702 125140 42 12 88 20
20180702 125141 40 9 81 27
20180702 125142 42 9 74 24
20180702 125143 40 12 80 27
20180702 125144 38 6 90 31
20180702 125145 41 11 84 26
20180702 125146 53 14 91 23
20180702 125147 46 10 79 32
20180702 125148 45 12 82 25
20180702 125149 45 13 91 30
20180702 125150 49 13 89 26
20180702 125151 47 9 67 27
20180702 125152 41 9 93 31
20180702 125153 44 6 73 32
20180702 125154 43 13 73 25
20180702 125155 39 12 78 23
20180702 125156 45 14 73 26
20180702 125158 41 13 88 26
20180702 125159 45 8 83 26
20180702 125200 48 13 79 28
20180702 125201 43 9 96 26
20180702 125202 46 8 92 30
20180702 125203 45 9 80 26
20180702 125204 43 9 81 33
20180702 125205 39 11 81 27
20180702 125206 45 9 71 30
20180702 125207 45 12 75 33
20180702 125208 43 4 94 26
20180702 125209 43 11 82 24
20180702 125210 39 8 76 30
20180702 125211 40 10 92 34
20180702 125212 43 8 92 27
20180702 125213 40 8 79 25
20180702 125214 41 5 86 28
20180702 125215 39 10 78 29
20180702 125216 54 7 81 26
20180702 125217 43 8 82 36
20180702 125218 36 13 75 24
20180702 125219 35 10 72 25
20180702 125220 41 6 93 24
20180702 125221 42 17 83 27
20180702 125222 42 11 83 32
20180702 125223 53 10 78 30
20180702 125224 46 5 68 31
20180702 125225 42 8 87 38
20180702 125226 41 12 82 27
20180702 125227 38 6 81 34
20180702 125228 41 11 76 27
20180702 125229 51 13 80 28
20180702 125230 49 8 81 34
20180702 125231 47 9 83 28
20180702 125232 36 13 71 30
20180702 125233 48 9 86 28
20180702 125234 48 8 89 25
20180702 125235 44 10 83 31
20180702 125236 46 11 72 29
20180702 125238 45 13 74 32
20180702 125239 45 14 80 34
20180702 125240 39 10 89 24
20180702 125241 39 14 74 29
20180702 125242 38 10 91 34
20180702 125243 38 11 92 27
20180702 125244 47 11 83 22
20180702 125245 45 9 71 30
20180702 125246 38 12 82 33
20180702 125247 43 11 93 30
20180702 125248 40 12 76 37
20180702 125249 41 12 83 35
20180702 125250 41 12 95 30
20180702 125251 45 5 75 26
20180702 125252 49 15 69 33
20180702 125253 46 5 73 37
20180702 125254 40 11 79 26
20180702 125255 51 13 95 32
20180702 125256 44 17 81 33
20180702 125257 41 13 88 28
20180702 125258 38 10 87 37
20180702 125259 44 13 86 31
20180702 125300 43 8 73 27
20180702 125301 43 10 93 33
20180702 125302 48 13 79 21
20180702 125303 45 14 82 35
20180702 125304 43 11 81 27
20180702 125305 42 5 91 31
20180702 125306 39 10 74 31
20180702 125307 39 11 75 28
20180702 125308 40 11 75 30
20180702 125309 35 13 85 25
20180702 125310 38 5 82 31
20180702 125311 48 12 82 29
20180702 125312 39 10 79 25
20180702 125313 39 12 81 28
20180702 125314 46 6 92 29
20180702 125315 45 7 92 27
20180702 125317 45 9 72 31
20180702 125318 41 11 81 20
20180702 125319 40 5 97 25
20180702 125320 39 11 80 25
20180702 125321 45 11 92 32
20180702 125322 40 10 85 27
20180702 125323 37 10 87 35
20180702 125324 44 6 76 29
20180702 125325 48 13 81 37
20180702 125326 42 7 73 33
20180702 125327 36 10 92 23
20180702 125328 34 7 84 31
20180702 125329 35 11 82 32
20180702 125330 43 12 87 27
20180702 125331 47 11 79 29
20180702 125332 44 12 80 26
20180702 125333 38 11 87 38
20180702 125334 47 9 76 30
20180702 125335 38 5 86 33
20180702 125336 42 14 79 36
20180702 125337 44 9 83 32
20180702 125338 37 11 75 35
20180702 125339 35 9 73 32
20180702 125340 50 13 82 32
20180702 125341 44 13 80 25
20180702 125342 45 11 85 35
20180702 125343 37 10 84 22
20180702 125344 39 13 82 34
20180702 125345 40 13 76 28
20180702 125346 40 10 74 26
20180702 125347 47 7 73 31
20180702 125348 42 15 83 27
20180702 125349 47 12 80 29
20180702 125350 35 12 78 31
20180702 125351 47 12 84 21
20180702 125352 37 9 80 37
20180702 125353 37 14 69 24
20180702 125354 49 8 70 26
20180702 125356 41 13 84 34
20180702 125357 41 17 83 35
20180702 125358 45 13 75 25
20180702 125359 49 12 68 32
20180702 125400 47 8 74 20
20180702 125401 49 14 74 27
20180702 125402 50 7 80 28
20180702 125403 40 7 84 28
20180702 125404 35 11 79 31
20180702 125405 44 16 70 33
20180702 125406 38 11 86 33
20180702 125407 38 7 82 37
20180702 125408 45 8 90 29
20180702 125409 38 9 74 32
20180702 125410 50 14 75 34
20180702 125411 43 11 90 30
20180702 125412 47 9 87 30
20180702 125413 49 4 85 30
20180702 125414 36 10 73 30
20180702 125415 44 3 73 33
20180702 125416 40 15 75 32
20180702 125417 39 16 81 26
20180702 125418 37 7 81 35
20180702 125419 42 9 86 28
20180702 125420 44 12 85 32
20180702 125421 43 14 74 29
20180702 125422 41 7 84 28
20180702 125423 50 12 80 32
20180702 125424 49 14 75 28
20180702 125425 39 15 85 33
20180702 125426 45 14 87 34
20180702 125427 42 6 74 30
20180702 125428 50 11 77 27
20180702 125429 44 12 87 27
20180702 125430 40 14 75 26
20180702 125431 42 12 82 29
20180702 125432 42 17 78 25
20180702 125433 42 10 84 29
20180702 125435 46 8 91 27
20180702 125436 38 10 80 40
20180702 125437 46 11 83 31
20180702 125438 43 10 74 27
20180702 125439 41 8 80 28
20180702 125440 37 9 77 35
20180702 125441 41 15 86 25
20180702 125442 42 11 75 33
20180702 125443 43 13 86 26
20180702 125444 36 11 74 39
20180702 125445 48 6 84 35
20180702 125446 44 7 77 29
20180702 125447 37 15 88 33
20180702 125448 36 9 77 35
20180702 125449 38 4 84 24
20180702 125450 44 11 76 31
20180702 125451 37 11 80 22
20180702 125452 44 14 78 24
20180702 125453 40 8 85 30
20180702 125454 33 11 80 29
20180702 125455 36 11 82 29
20180702 125456 44 11 80 29
20180702 125457 38 13 71 31
20180702 125458 44 8 86 28
20180702 125459 44 10 83 30
20180702 125500 45 15 90 36
20180702 125501 37 8 99 27
20180702 125502 37 9 74 32
20180702 125503 43 14 90 28
20180702 125504 41 11 75 27
20180702 125505 43 9 85 27
20180702 125506 46 13 79 36
20180702 125507 39 10 72 25
20180702 125508 46 8 78 34
20180702 125509 49 6 86 29
20180702 125510 37 12 78 32
20180702 125511 44 13 92 31
20180702 125512 39 6 85 34
20180702 125514 39 9 80 34
20180702 125515 45 9 82 29
20180702 125516 38 10 81 35
20180702 125517 40 7 76 32
20180702 125518 47 14 83 25
20180702 125519 52 3 75 30
20180702 125520 41 9 81 26
20180702 125521 51 5 68 25
20180702 125522 45 4 92 30
20180702 125523 49 8 84 30
20180702 125524 43 7 88 29
20180702 125525 41 9 79 33
20180702 125526 42 12 77 29
20180702 125527 40 7 74 22
20180702 125528 43 13 82 31
20180702 125529 36 11 89 28
20180702 125530 38 14 77 35
20180702 125531 44 10 74 21
20180702 125532 42 8 88 26
20180702 125533 39 10 83 31
20180702 125534 42 9 74 30
20180702 125535 36 7 88 38
20180702 125536 49 12 87 32
20180702 125537 45 11 81 35
20180702 125538 38 7 81 29
20180702 125539 38 3 73 27
20180702 125540 43 9 83 30
20180702 125541 44 7 75 28
20180702 125542 37 13 86 31
20180702 125543 38 9 76 28
20180702 125544 44 12 87 31
20180702 125545 39 6 75 26
20180702 125546 48 10 78 26
20180702 125547 44 10 84 26
20180702 125548 44 7 77 31
20180702 125549 46 13 73 33
20180702 125550 35 15 92 28
20180702 125551 44 8 79 35
20180702 125553 45 5 80 33
20180702 125554 42 2 88 28
20180702 125555 36 6 78 28
20180702 125556 44 11 72 35
20180702 125557 45 13 74 27
20180702 125558 40 14 74 33
20180702 125559 43 7 83 31
20180702 125600 44 11 77 27
20180702 125601 46 11 90 21
20180702 125602 39 16 73 29
20180702 125603 42 10 75 26
20180702 125604 38 7 85 29
20180702 125605 44 7 76 30
20180702 125606 38 9 82 34
20180702 125607 55 9 80 25
20180702 125608 41 14 89 24
20180702 125609 42 8 89 39
20180702 125610 43 7 74 32
20180702 125611 50 2 81 32
20180702 125612 49 15 68 33
20180702 125613 41 15 83 38
20180702 125614 44 16 69 29
20180702 125615 38 11 83 36
20180702 125616 40 6 80 35
20180702 125617 35 12 86 28
20180702 125618 40 12 76 28
20180702 125619 44 8 91 22
20180702 125620 40 10 92 29
20180702 125621 44 12 86 26
20180702 125622 39 11 85 27
20180702 125623 49 6 73 29
20180702 125624 36 5 78 31
20180702 125625 42 9 84 27
20180702 125626 34 9 72 32
20180702 125627 41 12 89 28
20180702 125628 41 5 80 31
20180702 125629 38 7 79 30
20180702 125630 41 7 82 29
20180702 125632 45 11 78 32
20180702 125633 45 10 75 23
20180702 125634 41 9 81 28
20180702 125635 53 7 82 34
20180702 125636 43 9 93 26
20180702 125637 39 9 80 29
20180702 125638 45 8 79 24
20180702 125639 42 16 72 26
20180702 125640 38 10 83 22
20180702 125641 53 10 93 28
20180702 125642 51 11 80 27
20180702 125643 38 14 72 30
20180702 125644 38 12 73 29
20180702 125645 41 8 77 28
20180702 125646 47 14 84 32
20180702 125647 47 7 83 34
20180702 125648 40 9 75 29
20180702 125649 37 7 83 24
20180702 125650 47 8 80 29
20180702 125651 43 6 84 35
20180702 125652 41 9 75 37
20180702 125653 39 9 90 25
20180702 125654 45 9 85 32
20180702 125655 44 10 87 26
20180702 125656 50 9 92 31
20180702 125657 43 10 71 25
20180702 125658 40 9 85 27
20180702 125659 47 8 72 32
20180702 125700 36 2 79 36
20180702 125701 40 7 88 33
20180702 125702 35 15 75 27
20180702 125703 44 7 79 25
20180702 125704 42 7 74 28
20180702 125705 40 7 79 27
20180702 125706 41 10 80 33
20180702 125707 35 12 88 28
20180702 125708 39 12 72 22
20180702 125709 45 13 77 28
20180702 125711 52 13 84 31
20180702 125712 45 14 76 27
20180702 125713 41 9 74 28
20180702 125714 41 11 84 26
20180702 125715 43 10 80 25
20180702 125716 37 9 85 24
20180702 125717 41 9 81 27
20180702 125718 50 9 87 23
20180702 125719 38 5 73 28
20180702 125720 44 9 94 28
20180702 125721 40 3 73 20
20180702 125722 53 11 89 24
20180702 125723 38 10 81 24
20180702 125724 39 5 81 32
20180702 125725 40 9 80 32
20180702 125726 48 14 83 29
20180702 125727 39 17 72 33
20180702 125728 40 4 78 30
20180702 125729 40 6 80 21
20180702 125730 41 12 75 37
20180702 125731 40 11 73 27
20180702 125732 39 12 89 34
20180702 125733 46 14 78 31
20180702 125734 49 9 77 34
20180702 125735 42 8 80 28
20180702 125736 53 8 81 32
20180702 125737 35 15 74 23
20180702 125738 43 11 83 35
20180702 125739 43 10 83 28
20180702 125740 39 11 76 20
20180702 125741 35 5 71 35
20180702 125742 43 16 78 29
20180702 125743 51 9 78 30
20180702 125744 43 13 79 22
20180702 125745 49 6 90 31
20180702 125746 47 13 88 32
20180702 125747 41 8 74 27
20180702 125748 42 11 90 34
20180702 125750 42 6 85 27
20180702 125751 37 11 78 28
20180702 125752 41 13 89 32
20180702 125753 46 15 80 29
20180702 125754 34 12 82 24
20180702 125755 42 11 68 40
20180702 125756 38 13 83 29
20180702 125757 46 14 85 29
20180702 125758 45 11 78 30
20180702 125759 48 7 80 28
20180702 125800 46 6 77 31
20180702 125801 51 10 68 33
20180702 125802 43 6 82 22
20180702 125803 34 12 88 31
20180702 125804 52 13 85 28
20180702 125805 44 9 85 25
20180702 125806 35 8 76 28
20180702 125807 42 14 82 27
20180702 125808 43 3 80 27
20180702 125809 40 9 79 21
20180702 125810 34 11 93 38
20180702 125811 36 10 67 25
20180702 125812 42 14 93 29
20180702 125813 41 4 90 23
20180702 125814 37 10 80 24
20180702 125815 41 9 72 27
20180702 125816 44 16 74 26
20180702 125817 42 13 86 25
20180702 125818 43 8 87 37
20180702 125819 43 10 87 34
20180702 125820 41 9 76 29
20180702 125821 47 16 90 32
20180702 125822 37 16 86 30
20180702 125823 45 14 81 28
20180702 125824 43 8 81 34
20180702 125825 44 4 85 22
20180702 125826 33 15 89 33
20180702 125827 33 8 77 25
20180702 125828 43 7 79 24
20180702 125830 47 6 87 34
20180702 125831 41 14 81 35
20180702 125832 52 7 84 36
20180702 125833 45 10 86 20
20180702 125834 37 7 90 20
20180702 125835 35 10 83 33
20180702 125836 37 12 82 29
20180702 125837 43 12 76 24
20180702 125838 43 16 77 29
20180702 125839 43 4 80 24
20180702 125840 36 8 81 27
20180702 125841 39 6 70 33
20180702 125842 46 3 74 34
20180702 125843 48 10 77 30
20180702 125844 38 13 78 30
20180702 125845 44 11 78 28
20180702 125846 35 10 84 22
20180702 125847 33 12 82 29
20180702 125848 48 11 84 28
20180702 125849 49 13 78 27
20180702 125850 37 12 80 22
20180702 125851 45 12 75 31
20180702 125852 38 7 87 26
20180702 125853 44 15 81 31
20180702 125854 37 11 74 31
20180702 125855 44 7 78 31
20180702 125856 50 10 88 34
20180702 125857 41 14 80 31
20180702 125858 43 15 74 26
20180702 125859 42 8 85 30
20180702 125900 43 16 81 31
20180702 125901 44 14 73 27
20180702 125902 43 8 78 27
20180702 125903 36 10 77 22
20180702 125904 52 7 67 30
20180702 125905 38 13 97 29
20180702 125906 44 11 86 27
20180702 125907 46 7 91 37
20180702 125909 52 9 91 25
20180702 125910 44 7 70 32
20180702 125911 48 10 82 33
20180702 125912 43 11 80 36
20180702 125913 43 9 79 33
20180702 125914 36 13 78 28
20180702 125915 39 10 76 31
20180702 125916 49 11 79 39
20180702 125917 39 12 80 32
20180702 125918 40 9 88 28
20180702 125919 50 13 81 26
20180702 125920 44 13 73 30
20180702 125921 43 11 88 31
20180702 125922 37 11 77 30
20180702 125923 43 9 82 28
20180702 125924 33 12 72 34
20180702 125925 40 15 77 21
20180702 125926 35 5 80 27
20180702 125927 41 11 87 30
20180702 125928 38 6 84 28
20180702 125929 39 8 80 26
20180702 125930 45 11 70 25
20180702 125931 35 6 83 27
20180702 125932 36 13 85 20
20180702 125933 40 11 93 26
20180702 125934 41 10 84 25
20180702 125935 38 7 84 29
20180702 125936 43 15 77 28
20180702 125937 37 10 90 30
20180702 125938 49 16 69 22
20180702 125939 41 14 94 28
20180702 125940 38 5 86 30
20180702 125941 46 12 77 25
20180702 125942 38 8 82 27
20180702 125943 49 9 78 27
20180702 125944 48 10 80 29
20180702 125945 44 8 87 23
20180702 125946 49 12 90 33
20180702 125948 41 8 79 32
20180702 125949 43 6 85 22
20180702 125950 40 11 96 26
20180702 125951 39 8 84 36
20180702 125952 48 12 77 37
20180702 125953 46 17 73 30
20180702 125954 42 9 72 21
20180702 125955 40 5 86 29
20180702 125956 38 7 84 24
20180702 125957 37 14 75 28
20180702 125958 38 13 82 30
20180702 125959 46 10 85 25
20180702 130000 43 11 89 26
20180702 130001 42 11 69 19
20180702 130002 41 12 79 28
20180702 130003 41 12 78 31
20180702 130004 45 17 80 28
20180702 130005 50 14 72 31
20180702 130006 37 12 74 27
20180702 130007 45 11 74 27
20180702 130008 41 6 93 29
20180702 130009 46 9 79 25
20180702 130010 47 8 84 26
20180702 130011 48 12 73 28
20180702 130012 42 11 77 33
20180702 130013 42 9 81 33
20180702 130014 45 7 85 25
20180702 130015 45 8 84 35
20180702 130016 40 13 81 27
20180702 130017 45 9 96 21
20180702 130018 41 8 86 30
20180702 130019 46 6 69 29
20180702 130020 38 8 93 27
20180702 130021 40 5 71 34
20180702 130022 45 11 84 29
20180702 130023 42 13 84 25
20180702 130024 43 8 80 24
20180702 130025 51 6 94 24
20180702 130027 53 3 77 31
20180702 130028 45 13 84 27
20180702 130029 39 15 85 30
20180702 130030 54 14 80 30
20180702 130031 39 10 92 36
20180702 130032 39 9 84 28
20180702 130033 42 11 81 37
20180702 130034 43 10 73 31
20180702 130035 45 11 80 25
20180702 130036 46 11 84 26
20180702 130037 41 6 83 32
20180702 130038 34 8 84 29
20180702 130039 48 5 83 27
20180702 130040 40 12 72 34
20180702 130041 43 14 80 34
20180702 130042 47 9 77 30
20180702 130043 45 12 88 26
20180702 130044 42 10 83 24
20180702 130045 43 9 80 32
20180702 130046 49 11 73 30
20180702 130047 46 7 78 33
20180702 130048 38 12 87 31
20180702 130049 44 6 79 27
20180702 130050 42 8 82 31
20180702 130051 43 8 72 28
20180702 130052 36 11 95 32
20180702 130053 42 4 72 36
20180702 130054 36 13 72 27
20180702 130055 49 10 91 31
20180702 130056 41 3 87 23
20180702 130057 47 11 69 32
20180702 130058 38 9 81 25
20180702 130059 39 7 82 32
20180702 130100 40 16 69 23
20180702 130101 38 9 78 34
20180702 130102 45 6 82 29
20180702 130103 48 12 80 31
20180702 130104 42 10 85 24
20180702 130106 44 6 84 32
20180702 130107 43 8 76 34
20180702 130108 35 7 81 28
20180702 130109 42 13 87 32
20180702 130110 45 5 73 26
20180702 130111 36 11 86 26
20180702 130112 41 11 82 30
20180702 130113 45 10 87 27
20180702 130114 45 13 86 30
20180702 130115 40 12 74 28
20180702 130116 46 7 79 26
20180702 130117 50 13 77 28
20180702 130118 42 11 78 26
20180702 130119 44 11 76 27
20180702 130120 42 12 72 30
20180702 130121 38 4 70 37
20180702 130122 35 12 80 27
20180702 130123 44 11 74 27
20180702 130124 43 10 86 34
20180702 130125 39 13 77 28
20180702 130126 43 14 81 34
20180702 130127 46 11 82 28
20180702 130128 40 17 77 30
20180702 130129 34 12 77 31
20180702 130130 40 9 75 39
20180702 130131 46 8 83 25
20180702 130132 35 13 76 26
20180702 130133 40 8 79 25
20180702 130134 43 6 75 27
20180702 130135 41 10 71 25
20180702 130136 45 16 70 29
20180702 130137 39 8 91 35
20180702 130138 40 6 84 27
20180702 130139 39 7 87 27
20180702 130140 40 7 77 28
20180702 130141 35 7 71 28
20180702 130142 35 9 85 28
20180702 130143 54 9 66 29
20180702 130145 40 11 90 22
20180702 130146 40 7 87 36
20180702 130147 39 16 79 27
20180702 130148 42 16 73 27
20180702 130149 45 7 80 21
20180702 130150 38 18 76 28
20180702 130151 43 12 84 25
20180702 130152 36 12 75 20
20180702 130153 48 7 83 29
20180702 130154 39 9 83 31
20180702 130155 37 12 78 30
20180702 130156 51 11 84 30
20180702 130157 37 11 80 29
20180702 130158 45 7 73 30
20180702 130159 41 7 97 21
20180702 130200 44 10 76 32
20180702 130201 43 7 73 28
20180702 130202 49 15 84 26
20180702 130203 37 16 88 37
20180702 130204 46 10 70 39
20180702 130205 39 10 89 29
20180702 130206 43 14 83 34
20180702 130207 33 16 87 34
20180702 130208 40 13 78 25
20180702 130209 43 12 97 36
20180702 130210 44 6 68 24
20180702 130211 36 10 73 27
20180702 130212 47 6 73 25
20180702 130213 39 9 85 34
20180702 130214 40 7 79 26
20180702 130215 46 11 79 32
20180702 130216 38 10 85 36
20180702 130217 48 7 73 35
20180702 130218 38 11 86 24
20180702 130219 40 10 81 34
20180702 130220 38 16 77 34
20180702 130221 47 11 80 24
20180702 130222 43 8 77 30
20180702 130224 42 11 83 29
20180702 130225 45 11 84 23
20180702 130226 42 9 77 34
20180702 130227 48 17 86 24
20180702 130228 46 7 80 34
20180702 130229 45 6 82 27
20180702 130230 42 14 96 29
20180702 130231 41 6 88 37
20180702 130232 39 9 77 33
20180702 130233 43 11 74 33
20180702 130234 40 19 77 34
20180702 130235 43 8 89 36
20180702 130236 42 10 83 29
20180702 130237 42 10 80 26
20180702 130238 50 13 81 29
20180702 130239 44 13 91 24
20180702 130240 46 6 81 28
20180702 130241 38 11 76 27
20180702 130242 48 13 81 33
20180702 130243 44 13 87 33
20180702 130244 41 11 90 19
20180702 130245 38 13 76 30
20180702 130246 41 10 82 30
20180702 130247 38 8 90 33
20180702 130248 52 8 84 25
20180702 130249 41 7 79 37
20180702 130250 40 9 68 30
20180702 130251 44 9 83 25
20180702 130252 43 8 70 21
20180702 130253 48 6 81 34
20180702 130254 45 13 79 29
20180702 130255 43 8 81 30
20180702 130256 41 4 80 34
20180702 130257 41 11 80 31
20180702 130258 38 11 92 23
20180702 130259 38 7 95 29
20180702 130300 40 8 79 29
20180702 130301 40 9 75 30
20180702 130303 35 9 71 25
20180702 130304 44 8 79 35
20180702 130305 41 12 76 23
20180702 130306 43 12 92 26
20180702 130307 35 8 76 25
20180702 130308 39 7 80 33
20180702 130309 39 15 81 23
20180702 130310 38 6 87 26
20180702 130311 47 10 79 31
20180702 130312 46 10 97 30
20180702 130313 43 6 71 27
20180702 130314 39 6 92 24
20180702 130315 42 7 83 27
20180702 130316 40 12 81 35
20180702 130317 52 16 69 30
20180702 130318 38 7 87 26
20180702 130319 35 6 86 23
20180702 130320 48 9 90 26
20180702 130321 46 12 90 29
20180702 130322 39 6 84 35
20180702 130323 43 4 92 25
20180702 130324 53 7 86 35
20180702 130325 41 12 78 28
20180702 130326 50 8 79 22
20180702 130327 52 8 77 23
20180702 130328 42 4 82 26
20180702 130329 40 12 74 22
20180702 130330 45 12 93 37
20180702 130331 44 11 83 32
20180702 130332 40 11 79 20
20180702 130333 48 7 69 22
20180702 130334 42 5 84 26
20180702 130335 41 7 72 33
20180702 130336 40 6 72 32
20180702 130337 39 12 86 27
20180702 130338 49 6 76 31
20180702 130339 35 3 79 26
20180702 130340 45 6 75 27
20180702 130341 40 10 73 23
20180702 130343 37 7 73 31
20180702 130344 44 6 83 28
20180702 130345 42 11 78 28
20180702 130346 40 10 69 25
20180702 130347 37 2 87 31
20180702 130348 37 12 80 27
20180702 130349 40 17 90 30
20180702 130350 43 6 73 32
20180702 130351 43 13 79 29
20180702 130352 48 6 69 32
20180702 130353 42 10 88 34
20180702 130354 39 13 78 35
20180702 130355 47 10 82 31
20180702 130356 50 14 80 38
20180702 130357 38 17 76 32
20180702 130358 51 9 78 34
20180702 130359 46 8 86 30
20180702 130400 44 9 82 25
20180702 130401 52 10 90 26
20180702 130402 42 12 92 28
20180702 130403 42 9 87 28
20180702 130404 49 6 89 30
20180702 130405 49 12 73 20
20180702 130406 43 7 81 35
20180702 130407 34 10 90 28
20180702 130408 46 13 83 32
20180702 130409 37 11 70 32
20180702 130410 37 9 90 33
20180702 130411 49 15 88 34
20180702 130412 42 8 78 30
20180702 130413 46 12 78 28
20180702 130414 46 8 86 31
20180702 130415 41 12 74 36
20180702 130416 39 11 82 36
20180702 130417 43 11 88 30
20180702 130418 41 8 78 29
20180702 130419 49 12 78 26
20180702 130420 36 16 92 20
20180702 130422 40 15 76 31
20180702 130423 43 10 78 25
20180702 130424 38 7 80 29
20180702 130425 52 11 82 34
20180702 130426 49 7 74 29
20180702 130427 42 12 86 24
20180702 130428 36 9 91 27
20180702 130429 45 8 85 26
20180702 130430 46 10 77 31
20180702 130431 43 12 82 26
20180702 130432 43 6 89 23
20180702 130433 41 6 77 25
20180702 130434 51 11 83 22
20180702 130435 38 8 84 31
20180702 130436 38 10 81 24
20180702 130437 38 5 87 31
20180702 130438 48 14 89 24
20180702 130439 40 7 81 25
20180702 130440 48 12 81 35
20180702 130441 35 13 76 26
20180702 130442 52 11 75 25
20180702 130443 43 3 81 35
20180702 130444 37 10 89 28
20180702 130445 43 7 77 32
20180702 130446 45 4 85 32
20180702 130447 39 13 83 24
20180702 130448 37 8 79 31
20180702 130449 46 9 76 27
20180702 130450 36 9 78 28
20180702 130451 45 8 80 28
20180702 130452 46 11 80 29
20180702 130453 44 10 88 31
20180702 130454 46 12 73 29
20180702 130455 46 13 78 36
20180702 130456 42 11 86 31
20180702 130457 42 8 79 28
20180702 130458 41 9 73 22
20180702 130459 46 13 81 30
20180702 130501 40 10 75 26
20180702 130502 37 14 73 34
20180702 130503 44 11 69 33
20180702 130504 40 14 86 27
20180702 130505 46 11 80 24
20180702 130506 41 9 84 25
20180702 130507 39 7 88 29
20180702 130508 43 10 87 28
20180702 130509 39 6 72 37
20180702 130510 33 11 83 36
20180702 130511 53 10 93 28
20180702 130512 44 9 80 33
20180702 130513 48 7 84 23
20180702 130514 42 13 94 28
20180702 130515 44 6 77 27
20180702 130516 45 14 74 31
20180702 130517 40 7 84 33
20180702 130518 41 12 83 29
20180702 130519 43 12 83 24
20180702 130520 41 7 83 33
20180702 130521 40 14 75 28
20180702 130522 51 9 79 22
20180702 130523 40 16 90 25
20180702 130524 49 10 83 21
20180702 130525 42 9 78 31
20180702 130526 40 7 84 34
20180702 130527 45 9 75 32
20180702 130528 40 9 80 27
20180702 130529 45 13 81 22
20180702 130530 45 9 71 35
20180702 130531 35 11 77 23
20180702 130532 52 9 75 28
20180702 130533 41 7 91 37
20180702 130534 36 5 80 33
20180702 130535 37 8 81 29
20180702 130536 48 11 80 26
20180702 130537 37 14 83 26
20180702 130538 43 11 93 25
20180702 130540 37 5 81 22
20180702 130541 49 11 88 30
20180702 130542 40 10 78 29
20180702 130543 43 10 89 31
20180702 130544 46 9 78 29
20180702 130545 46 13 80 28
20180702 130546 42 12 87 34
20180702 130547 42 14 82 28
20180702 130548 40 7 92 30
20180702 130549 49 12 72 32
20180702 130550 38 14 83 24
20180702 130551 37 3 78 22
20180702 130552 49 7 91 32
20180702 130553 42 10 92 31
20180702 130554 42 11 82 36
20180702 130555 42 12 84 33
20180702 130556 42 12 88 29
20180702 130557 43 10 87 26
20180702 130558 42 4 73 31
20180702 130559 45 6 83 25
20180702 130600 44 15 80 37
20180702 130601 44 8 70 31
20180702 130602 51 15 83 35
20180702 130603 42 9 80 30
20180702 130604 36 8 82 25
20180702 130605 41 6 87 35
20180702 130606 40 9 80 22
20180702 130607 55 8 81 26
20180702 130608 48 7 82 21
20180702 130609 45 12 81 28
20180702 130610 44 8 82 28
20180702 130611 39 8 71 29
20180702 130612 39 8 83 28
20180702 130613 53 9 75 31
20180702 130614 42 12 82 25
20180702 130615 39 16 83 32
20180702 130616 53 7 81 25
20180702 130617 38 1 86 31
20180702 130619 48 4 92 35
20180702 130620 41 13 72 27
20180702 130621 42 13 90 29
20180702 130622 44 11 71 26
20180702 130623 40 8 82 34
20180702 130624 45 8 75 27
20180702 130625 43 4 73 27
20180702 130626 43 12 73 19
20180702 130627 47 15 85 31
20180702 130628 41 17 90 27
20180702 130629 40 9 77 28
20180702 130630 40 13 78 21
20180702 130631 42 16 82 31
20180702 130632 43 13 71 29
20180702 130633 42 5 90 25
20180702 130634 47 6 86 32
20180702 130635 36 6 84 25
20180702 130636 42 6 85 26
20180702 130637 38 8 75 27
20180702 130638 38 10 89 36
20180702 130639 38 8 69 34
20180702 130640 44 13 83 30
20180702 130641 49 8 83 31
20180702 130642 35 10 74 21
20180702 130643 51 8 73 28
20180702 130644 42 11 88 31
20180702 130645 45 7 77 30
20180702 130646 43 8 79 27
20180702 130647 36 10 70 28
20180702 130648 49 7 74 37
20180702 130649 53 7 95 32
20180702 130650 43 14 73 26
20180702 130651 41 18 82 30
20180702 130652 51 9 79 23
20180702 130653 43 8 73 25
20180702 130654 37 13 96 29
20180702 130655 38 8 72 32
20180702 130656 44 10 91 30
20180702 130658 41 9 81 21
20180702 130659 44 16 89 26
20180702 130700 53 12 68 27
20180702 130701 41 7 71 37
20180702 130702 42 5 86 33
20180702 130703 42 8 80 34
20180702 130704 42 10 82 25
20180702 130705 40 17 76 31
20180702 130706 45 10 88 26
20180702 130707 37 5 83 26
20180702 130708 43 12 90 35
20180702 130709 51 13 76 23
20180702 130710 44 8 80 27
20180702 130711 44 6 73 30
20180702 130712 43 11 82 25
20180702 130713 41 14 84 25
20180702 130714 45 14 85 35
20180702 130715 36 12 86 22
20180702 130716 45 12 81 27
20180702 130717 35 12 83 33
20180702 130718 41 13 80 31
20180702 130719 41 14 81 33
20180702 130720 43 12 82 31
20180702 130721 36 6 84 32
20180702 130722 39 16 79 23
20180702 130723 38 6 78 24
20180702 130724 39 13 77 28
20180702 130725 41 9 81 26
20180702 130726 44 10 75 20
20180702 130727 39 7 77 34
20180702 130728 49 12 83 34
20180702 130729 38 8 92 26
20180702 130730 35 9 74 32
20180702 130731 42 10 74 35
20180702 130732 50 11 84 35
20180702 130733 40 11 87 26
20180702 130734 46 9 85 33
20180702 130735 41 12 97 36
20180702 130737 40 11 75 35
20180702 130738 40 7 79 36
20180702 130739 44 8 70 28
20180702 130740 39 13 78 29
20180702 130741 46 6 86 23
20180702 130742 39 6 86 21
20180702 130743 43 8 73 28
20180702 130744 45 9 75 24
20180702 130745 40 10 88 31
20180702 130746 51 13 90 35
20180702 130747 46 10 78 21
20180702 130748 38 12 75 27
20180702 130749 45 6 69 29
20180702 130750 52 6 72 31
20180702 130751 42 5 78 25
20180702 130752 39 9 84 30
20180702 130753 40 4 89 31
20180702 130754 46 5 90 27
20180702 130755 42 3 85 27
20180702 130756 38 11 78 26
20180702 130757 43 14 90 24
20180702 130758 42 7 74 36
20180702 130759 42 11 86 36
20180702 130800 41 13 80 27
20180702 130801 43 11 85 35
20180702 130802 40 12 93 31
20180702 130803 36 11 86 30
20180702 130804 36 8 79 34
20180702 130805 55 10 81 26
20180702 130806 48 9 79 26
20180702 130807 49 9 73 23
20180702 130808 36 11 84 36
20180702 130809 44 12 72 35
20180702 130810 43 7 75 32
20180702 130811 46 9 70 28
20180702 130812 45 8 87 28
20180702 130813 44 5 86 37
20180702 130814 50 13 83 33
20180702 130816 39 12 86 39
20180702 130817 39 11 76 35
20180702 130818 41 10 79 24
20180702 130819 35 3 77 28
20180702 130820 37 17 82 27
20180702 130821 45 7 86 28
20180702 130822 41 11 79 30
20180702 130823 45 9 88 35
20180702 130824 45 7 81 19
20180702 130825 48 16 76 37
20180702 130826 51 10 83 35
20180702 130827 44 13 84 31
20180702 130828 47 15 81 30
20180702 130829 43 8 85 30
20180702 130830 44 9 81 32
20180702 130831 39 12 82 24
20180702 130832 49 15 73 38
20180702 130833 36 15 86 33
20180702 130834 52 12 75 33
20180702 130835 41 3 80 29
20180702 130836 49 13 84 28
20180702 130837 45 6 72 32
20180702 130838 51 10 84 25
20180702 130839 51 9 69 37
20180702 130840 41 12 80 29
20180702 130841 53 10 73 35
20180702 130842 42 11 79 27
20180702 130843 43 14 76 33
20180702 130844 40 10 70 27
20180702 130845 33 10 87 36
20180702 130846 44 16 77 40
20180702 130847 36 10 79 29
20180702 130848 39 15 84 25
20180702 130849 39 13 95 31
20180702 130850 42 5 81 26
20180702 130851 45 8 72 30
20180702 130852 49 8 84 29
20180702 130853 41 9 84 25
20180702 130854 47 14 77 27
20180702 130856 54 9 79 39
20180702 130857 35 14 78 25
20180702 130858 45 7 86 22
20180702 130859 39 9 77 32
20180702 130900 40 6 83 22
20180702 130901 42 8 77 31
20180702 130902 39 11 73 21
20180702 130903 45 9 81 27
20180702 130904 35 13 78 24
20180702 130905 52 10 85 28
20180702 130906 45 15 80 31
20180702 130907 40 6 79 32
20180702 130908 37 6 76 27
20180702 130909 49 16 79 41
20180702 130910 51 9 85 35
20180702 130911 43 7 78 28
20180702 130912 45 11 70 25
20180702 130913 38 13 91 21
20180702 130914 45 14 81 24
20180702 130915 46 10 77 31
20180702 130916 42 9 72 33
20180702 130917 41 4 85 21
20180702 130918 43 10 72 22
20180702 130919 43 11 80 40
20180702 130920 47 14 82 25
20180702 130921 38 11 71 24
20180702 130922 43 12 84 35
20180702 130923 38 9 80 34
20180702 130924 43 10 73 36
20180702 130925 51 9 78 32
20180702 130926 46 19 96 27
20180702 130927 43 8 85 27
20180702 130928 42 6 84 36
20180702 130929 44 10 85 33
20180702 130930 44 11 83 31
20180702 130931 40 8 71 29
20180702 130932 41 12 80 25
20180702 130933 44 8 97 28
20180702 130935 44 14 80 28
20180702 130936 42 11 86 26
20180702 130937 42 7 90 23
20180702 130938 36 12 69 34
20180702 130939 35 11 79 30
20180702 130940 40 11 79 33
20180702 130941 41 7 75 37
20180702 130942 43 10 86 33
20180702 130943 44 9 67 24
20180702 130944 44 15 92 23
20180702 130945 42 9 76 28
20180702 130946 40 9 88 27
20180702 130947 42 12 84 35
20180702 130948 49 11 75 30
20180702 130949 37 10 91 27
20180702 130950 41 7 81 34
20180702 130951 43 9 84 32
20180702 130952 41 15 85 34
20180702 130953 44 7 92 26
20180702 130954 41 10 68 22
20180702 130955 40 6 75 36
20180702 130956 40 11 94 35
20180702 130957 43 7 69 24
20180702 130958 42 6 69 26
20180702 130959 41 12 77 29
20180702 131000 37 16 93 31
20180702 131001 37 7 73 31
20180702 131002 50 14 76 25
20180702 131003 41 6 94 35
20180702 131004 34 7 79 27
20180702 131005 42 15 79 34
20180702 131006 38 7 86 29
20180702 131007 42 9 89 28
20180702 131008 43 8 77 24
20180702 131009 40 13 79 33
20180702 131010 44 3 82 27
20180702 131011 46 12 86 31
20180702 131012 43 12 74 27
20180702 131014 37 8 87 28
20180702 131015 36 10 78 33
20180702 131016 48 14 85 32
20180702 131017 39 4 75 29
20180702 131018 50 10 89 33
20180702 131019 45 4 77 32
20180702 131020 44 10 91 28
20180702 131021 37 7 91 33
20180702 131022 49 9 81 29
20180702 131023 45 10 79 31
20180702 131024 46 6 73 26
20180702 131025 46 10 80 33
20180702 131026 42 4 78 34
20180702 131027 40 11 79 29
20180702 131028 42 14 73 27
20180702 131029 49 5 76 22
20180702 131030 39 13 71 29
20180702 131031 42 5 82 25
20180702 131032 39 17 81 34
20180702 131033 46 11 78 25
20180702 131034 35 10 93 29
20180702 131035 46 13 75 28
20180702 131036 45 5 89 29
20180702 131037 45 7 87 36
20180702 131038 38 13 74 30
20180702 131039 37 13 88 21
20180702 131040 41 7 80 36
20180702 131041 41 12 70 33
20180702 131042 36 10 74 24
20180702 131043 46 12 82 31
20180702 131044 48 12 75 21
20180702 131045 48 6 77 23
20180702 131046 40 13 80 21
20180702 131047 47 14 69 30
20180702 131048 36 10 87 24
20180702 131049 44 8 88 30
20180702 131050 45 13 90 31
20180702 131051 48 5 79 26
20180702 131053 45 12 73 27
20180702 131054 39 8 79 27
20180702 131055 39 12 81 33
20180702 131056 39 9 76 26
20180702 131057 45 7 72 32
20180702 131058 40 9 71 18
20180702 131059 46 11 79 26
20180702 131100 41 15 80 27
20180702 131101 37 9 81 33
20180702 131102 36 9 88 29
20180702 131103 43 10 86 24
20180702 131104 44 9 70 31
20180702 131105 40 6 80 35
20180702 131106 44 12 86 30
20180702 131107 46 14 79 33
20180702 131108 49 7 84 23
20180702 131109 35 14 78 24
20180702 131110 46 12 82 27
20180702 131111 51 9 83 30
20180702 131112 39 14 77 29
20180702 131113 46 11 90 25
20180702 131114 46 9 79 36
20180702 131115 43 12 75 30
20180702 131116 49 6 77 25
20180702 131117 47 11 84 22
20180702 131118 43 14 84 34
20180702 131119 46 9 74 34
20180702 131120 34 9 82 28
20180702 131121 35 9 78 33
20180702 131122 44 12 99 32
20180702 131123 41 7 81 26
20180702 131124 42 10 76 31
20180702 131125 38 10 75 34
20180702 131126 34 12 73 25
20180702 131127 42 11 79 28
20180702 131128 44 6 87 40
20180702 131129 38 6 73 29
20180702 131130 38 6 87 35
20180702 131132 39 8 71 28
20180702 131133 40 1 82 23
20180702 131134 45 8 78 26
20180702 131135 45 8 74 30
20180702 131136 41 16 70 33
20180702 131137 43 13 86 23
20180702 131138 44 11 84 29
20180702 131139 44 11 73 30
20180702 131140 44 14 89 29
20180702 131141 45 10 76 31
20180702 131142 50 8 79 30
20180702 131143 48 10 75 33
20180702 131144 37 13 81 28
20180702 131145 40 8 76 35
20180702 131146 41 9 76 26
20180702 131147 47 12 83 30
20180702 131148 43 8 83 24
20180702 131149 44 12 89 30
20180702 131150 43 12 72 25
20180702 131151 46 10 82 32
20180702 131152 38 11 92 31
20180702 131153 50 10 86 38
20180702 131154 44 6 92 21
20180702 131155 41 11 76 33
20180702 131156 45 11 77 32
20180702 131157 41 14 85 34
20180702 131158 40 10 73 29
20180702 131159 49 11 82 30
20180702 131200 41 9 80 31
20180702 131201 45 14 77 30
20180702 131202 46 10 77 26
20180702 131203 47 3 94 29
20180702 131204 39 3 84 30
20180702 131205 53 7 79 25
20180702 131206 42 6 97 39
20180702 131207 49 10 76 29
20180702 131208 39 9 75 27
20180702 131209 46 11 74 29
20180702 131211 47 10 78 38
20180702 131212 39 8 75 29
20180702 131213 43 5 70 31
20180702 131214 43 11 88 25
20180702 131215 48 4 77 34
20180702 131216 38 16 81 22
20180702 131217 39 7 78 25
20180702 131218 42 9 81 22
20180702 131219 43 7 80 27
20180702 131220 47 13 88 40
20180702 131221 38 11 73 24
20180702 131222 40 4 74 24
20180702 131223 50 13 88 23
20180702 131224 47 10 74 29
20180702 131225 44 11 86 32
20180702 131226 37 14 80 27
20180702 131227 48 5 89 26
20180702 131228 40 9 79 27
20180702 131229 43 5 76 26
20180702 131230 47 12 83 32
20180702 131231 43 14 82 24
20180702 131232 41 10 87 34
20180702 131233 39 11 85 28
20180702 131234 46 10 77 34
20180702 131235 50 12 67 26
20180702 131236 43 11 84 30
20180702 131237 45 5 75 21
20180702 131238 45 8 82 31
20180702 131239 41 15 91 35
20180702 131240 43 7 77 35
20180702 131241 42 11 91 30
20180702 131242 39 2 88 36
20180702 131243 41 4 85 37
20180702 131244 46 10 89 27
20180702 131245 41 9 86 33
20180702 131246 37 11 86 32
20180702 131247 35 8 76 29
20180702 131248 41 10 73 27
20180702 131249 44 10 77 32
20180702 131251 48 7 81 25
20180702 131252 43 11 79 26
20180702 131253 39 11 94 25
20180702 131254 42 9 77 27
20180702 131255 45 10 85 30
20180702 131256 41 11 88 31
20180702 131257 43 12 83 28
20180702 131258 33 6 88 26
20180702 131259 43 14 90 23
20180702 131300 51 7 78 28
20180702 131301 39 7 78 25
20180702 131302 45 12 79 25
20180702 131303 52 10 83 40
20180702 131304 42 10 82 32
20180702 131305 42 11 82 38
20180702 131306 36 7 73 29
20180702 131307 33 6 83 30
20180702 131308 41 11 90 24
20180702 131309 36 10 75 31
20180702 131310 43 12 79 34
20180702 131311 44 9 83 27
20180702 131312 43 10 84 27
20180702 131313 43 7 78 24
20180702 131314 41 15 74 33
20180702 131315 45 11 89 23
20180702 131316 40 9 83 22
20180702 131317 38 8 80 23
20180702 131318 37 8 81 34
20180702 131319 43 11 84 40
20180702 131320 40 2 88 34
20180702 131321 35 7 79 20
20180702 131322 41 10 84 29
20180702 131323 47 13 83 23
20180702 131324 42 9 74 39
20180702 131325 40 11 88 31
20180702 131326 44 14 72 24
20180702 131327 40 7 83 27
20180702 131329 38 13 84 26
20180702 131330 49 13 73 33
20180702 131331 37 8 73 29
20180702 131332 45 11 78 32
20180702 131333 45 12 84 32
20180702 131334 37 10 89 37
20180702 131335 40 7 86 32
20180702 131336 40 10 85 26
20180702 131337 36 10 78 37
20180702 131338 40 9 72 23
20180702 131339 49 7 84 27
20180702 131340 46 8 90 41
20180702 131341 40 11 87 28
20180702 131342 45 12 90 24
20180702 131343 43 16 82 23
20180702 131344 47 5 81 35
20180702 131345 50 8 96 30
20180702 131346 37 12 87 31
20180702 131347 50 6 87 37
20180702 131348 38 6 85 38
20180702 131349 53 4 84 29
20180702 131350 43 13 66 29
20180702 131351 39 12 84 41
20180702 131352 39 14 75 26
20180702 131353 42 8 77 25
20180702 131354 50 5 89 31
20180702 131355 44 6 89 27
20180702 131356 43 11 78 22
20180702 131357 40 8 76 29
20180702 131358 43 13 87 29
20180702 131359 43 15 74 29
20180702 131400 38 9 89 31
20180702 131401 49 7 88 30
20180702 131402 42 12 85 24
20180702 131403 38 7 83 32
20180702 131404 45 10 82 27
20180702 131405 50 9 90 29
20180702 131406 39 6 75 28
20180702 131408 46 11 84 34
20180702 131409 37 15 89 22
20180702 131410 41 7 79 28
20180702 131411 43 14 73 27
20180702 131412 42 3 83 20
20180702 131413 44 9 79 21
20180702 131414 44 7 88 33
20180702 131415 44 10 80 30
20180702 131416 42 14 77 29
20180702 131417 49 10 78 26
20180702 131418 50 13 83 24
20180702 131419 39 9 76 30
20180702 131420 48 13 81 38
20180702 131421 40 9 88 34
20180702 131422 44 9 82 32
20180702 131423 55 7 69 39
20180702 131424 44 5 76 32
20180702 131425 43 4 95 28
20180702 131426 47 11 75 34
20180702 131427 34 10 90 29
20180702 131428 49 8 87 26
20180702 131429 37 3 80 23
20180702 131430 43 12 78 32
20180702 131431 39 4 94 28
20180702 131432 40 10 78 33
20180702 131433 49 16 79 21
20180702 131434 43 15 84 29
20180702 131435 52 3 75 28
20180702 131436 45 6 83 33
20180702 131437 47 9 84 22
20180702 131438 43 8 85 32
20180702 131439 46 7 80 33
20180702 131440 40 12 83 28
20180702 131441 41 8 86 26
20180702 131442 40 9 80 20
20180702 131443 43 12 76 32
20180702 131444 40 9 85 27
20180702 131445 43 7 74 33
20180702 131447 45 11 92 29
20180702 131448 45 14 84 30
20180702 131449 42 12 75 30
20180702 131450 44 11 76 30
20180702 131451 42 3 72 35
20180702 131452 39 10 76 26
20180702 131453 41 14 79 25
20180702 131454 38 10 85 24
20180702 131455 44 9 80 28
20180702 131456 46 12 83 28
20180702 131457 43 9 73 30
20180702 131458 43 8 75 32
20180702 131459 38 7 75 26
20180702 131500 36 16 77 33
20180702 131501 41 8 92 29
20180702 131502 39 9 79 36
20180702 131503 40 12 79 33
20180702 131504 42 7 88 27
20180702 131505 45 10 81 35
20180702 131506 43 5 81 27
20180702 131507 37 12 85 30
20180702 131508 48 14 94 25
20180702 131509 40 2 92 33
20180702 131510 38 8 69 33
20180702 131511 40 9 82 28
20180702 131512 46 8 91 20
20180702 131513 48 13 84 31
20180702 131514 50 6 79 25
20180702 131515 46 14 87 22
20180702 131516 39 13 82 22
20180702 131517 36 14 88 26
20180702 131518 38 11 85 31
20180702 131519 43 15 76 31
20180702 131520 39 5 75 28
20180702 131521 40 11 72 32
20180702 131522 49 6 89 34
20180702 131523 43 7 84 33
20180702 131524 43 12 78 33
20180702 131525 36 7 71 26
20180702 131527 46 11 89 28
20180702 131528 38 9 83 38
20180702 131529 52 9 71 39
20180702 131530 47 5 90 26
20180702 131531 42 11 91 30
20180702 131532 50 6 84 34
20180702 131533 47 9 90 27
20180702 131534 37 9 87 26
20180702 131535 42 6 86 28
20180702 131536 40 11 82 35
20180702 131537 36 12 91 26
20180702 131538 41 10 79 28
20180702 131539 43 10 79 29
20180702 131540 47 5 77 36
20180702 131541 53 11 81 26
20180702 131542 43 11 77 26
20180702 131543 44 10 81 28
20180702 131544 42 8 91 36
20180702 131545 40 5 82 25
20180702 131546 53 10 80 24
20180702 131547 38 15 77 31
20180702 131548 52 9 86 28
20180702 131549 41 9 75 31
20180702 131550 39 11 85 28
20180702 131551 48 7 83 28
20180702 131552 41 11 85 30
20180702 131553 41 16 82 27
20180702 131554 36 8 77 29
20180702 131555 38 13 92 29
20180702 131556 38 10 81 29
20180702 131557 49 11 88 28
20180702 131558 50 14 72 26
20180702 131559 40 10 83 29
20180702 131600 46 8 85 34
20180702 131601 49 6 87 28
20180702 131602 34 12 85 23
20180702 131603 53 2 85 28
20180702 131604 39 7 79 27
20180702 131606 38 6 82 32
20180702 131607 40 16 82 34
20180702 131608 38 11 82 30
20180702 131609 41 11 89 30
20180702 131610 40 14 73 34
20180702 131611 47 9 75 27
20180702 131612 37 9 76 30
20180702 131613 35 10 78 28
20180702 131614 44 6 81 36
20180702 131615 46 11 89 25
20180702 131616 42 13 81 35
20180702 131617 36 15 81 33
20180702 131618 40 4 85 32
20180702 131619 47 13 79 32
20180702 131620 48 15 78 28
20180702 131621 40 8 71 33
20180702 131622 42 11 75 38
20180702 131623 44 7 80 26
20180702 131624 50 6 84 28
20180702 131625 37 13 89 31
20180702 131626 41 8 82 34
20180702 131627 41 12 79 27
20180702 131628 40 8 79 26
20180702 131629 42 5 86 28
20180702 131630 50 13 96 23
20180702 131631 41 12 82 25
20180702 131632 45 13 76 26
20180702 131633 40 12 85 34
20180702 131634 39 6 86 28
20180702 131635 41 10 81 31
20180702 131636 43 9 82 26
20180702 131637 41 12 87 27
20180702 131638 38 9 91 28
20180702 131639 37 12 84 26
20180702 131640 44 10 69 33
20180702 131641 52 5 90 28
20180702 131642 45 7 82 30
20180702 131643 41 4 90 26
20180702 131645 44 9 90 22
20180702 131646 40 19 87 29
20180702 131647 36 12 73 29
20180702 131648 42 13 87 36
20180702 131649 41 8 83 31
20180702 131650 51 11 77 25
20180702 131651 43 9 79 24
20180702 131652 45 6 69 30
20180702 131653 43 6 81 30
20180702 131654 41 11 81 23
20180702 131655 35 9 70 34
20180702 131656 47 16 80 33
20180702 131657 34 16 99 38
20180702 131658 51 7 75 31
20180702 131659 42 11 91 26
20180702 131700 41 9 84 29
20180702 131701 48 7 94 25
20180702 131702 37 8 78 30
20180702 131703 49 9 83 28
20180702 131704 41 10 85 31
20180702 131705 47 8 86 26
20180702 131706 45 13 94 21
