20180702 131953 43 11 74 22
20180702 131954 31 4 70 20
20180702 131955 38 7 70 23
20180702 131956 40 6 82 18
20180702 131957 40 7 65 26
20180702 131958 37 6 72 28
20180702 131959 30 10 83 21
20180702 132000 43 6 80 17
20180702 132001 32 4 76 23
20180702 132002 43 13 75 22
20180702 132003 28 14 75 21
20180702 132004 32 5 74 20
20180702 132005 41 14 77 13
20180702 132006 31 15 78 24
20180702 132007 29 8 73 21
20180702 132009 34 8 83 24
20180702 132010 33 8 71 23
20180702 132011 35 9 88 24
20180702 132012 39 9 77 19
20180702 132013 31 14 90 16
20180702 132014 36 12 70 26
20180702 132015 28 10 86 21
20180702 132016 34 8 78 20
20180702 132017 33 7 72 20
20180702 132018 36 15 80 15
20180702 132019 31 6 85 17
20180702 132020 34 9 73 18
20180702 132021 36 7 66 24
20180702 132022 28 15 76 20
20180702 132023 28 3 81 17
20180702 132024 33 11 82 32
20180702 132025 32 7 81 21
20180702 132026 37 13 81 24
20180702 132027 34 10 76 15
20180702 132028 29 11 70 21
20180702 132029 29 8 75 22
20180702 132030 41 7 72 22
20180702 132031 40 9 67 21
20180702 132032 30 8 82 20
20180702 132033 26 11 76 21
20180702 132034 27 10 68 19
20180702 132035 34 6 86 18
20180702 132036 31 7 74 25
20180702 132037 26 13 72 16
20180702 132038 30 3 71 27
20180702 132039 33 8 66 21
20180702 132040 29 13 78 25
20180702 132041 28 9 75 23
20180702 132042 34 8 83 21
20180702 132043 32 4 78 26
20180702 132044 41 14 71 24
20180702 132045 28 8 74 18
20180702 132046 34 2 70 20
20180702 132047 36 8 75 16
20180702 132049 35 12 87 15
20180702 132050 30 10 81 24
20180702 132051 30 10 83 27
20180702 132052 34 7 80 16
20180702 132053 30 6 78 24
20180702 132054 33 6 84 20
20180702 132055 35 5 77 19
20180702 132056 28 7 79 24
20180702 132057 34 5 75 16
20180702 132058 27 4 81 23
20180702 132059 23 14 86 18
20180702 132100 33 8 82 18
20180702 132101 26 13 82 17
20180702 132102 32 9 83 25
20180702 132103 41 7 84 18
20180702 132104 28 9 84 27
20180702 132105 37 6 70 22
20180702 132106 35 7 69 14
20180702 132107 37 3 84 16
20180702 132108 29 12 78 12
20180702 132109 35 6 66 21
20180702 132110 30 10 83 25
20180702 132111 31 7 83 19
20180702 132112 31 6 87 15
20180702 132113 37 9 81 17
20180702 132114 35 8 67 20
20180702 132115 34 8 65 23
20180702 132116 35 10 83 25
20180702 132117 35 5 72 20
20180702 132118 30 6 69 22
20180702 132119 38 8 79 18
20180702 132120 25 9 79 19
20180702 132121 26 7 81 22
20180702 132122 34 9 73 31
20180702 132123 30 15 71 21
20180702 132124 30 4 68 26
20180702 132125 32 5 75 21
20180702 132126 30 10 78 19
20180702 132128 35 8 68 20
20180702 132129 33 5 88 23
20180702 132130 32 4 75 27
20180702 132131 37 13 83 20
20180702 132132 35 10 74 22
20180702 132133 30 5 75 18
20180702 132134 42 8 84 19
20180702 132135 44 12 69 24
20180702 132136 32 4 84 21
20180702 132137 43 9 74 23
20180702 132138 36 16 83 26
20180702 132139 44 8 82 29
20180702 132140 29 10 70 19
20180702 132141 38 11 76 20
20180702 132142 34 7 82 18
20180702 132143 28 7 65 29
20180702 132144 32 7 80 17
20180702 132145 33 9 82 22
20180702 132146 30 9 77 20
20180702 132147 37 9 72 21
20180702 132148 26 0 73 26
20180702 132149 35 3 91 26
20180702 132150 38 12 67 26
20180702 132151 34 8 75 19
20180702 132152 31 9 71 21
20180702 132153 35 9 73 24
20180702 132154 35 13 72 22
20180702 132155 31 11 74 22
20180702 132156 30 7 83 31
20180702 132157 35 5 79 23
20180702 132158 32 6 80 24
20180702 132159 30 5 76 22
20180702 132200 31 5 69 25
20180702 132201 34 4 83 13
20180702 132202 38 10 81 32
20180702 132203 36 10 71 18
20180702 132204 34 11 81 20
20180702 132205 27 7 82 20
20180702 132206 35 6 72 23
20180702 132208 37 9 77 30
20180702 132209 39 6 81 17
20180702 132210 36 11 72 15
20180702 132211 34 8 84 21
20180702 132212 37 7 81 15
20180702 132213 38 5 85 20
20180702 132214 35 10 74 20
20180702 132215 34 7 71 24
20180702 132216 28 9 86 15
20180702 132217 35 9 80 25
20180702 132218 32 12 74 18
20180702 132219 37 6 71 19
20180702 132220 30 5 78 23
20180702 132221 39 11 72 21
20180702 132222 32 2 75 19
20180702 132223 32 6 73 17
20180702 132224 34 7 91 27
20180702 132225 31 6 71 30
20180702 132226 35 8 69 12
20180702 132227 32 11 74 29
20180702 132228 34 15 73 24
20180702 132229 38 9 78 23
20180702 132230 30 2 76 23
20180702 132231 33 7 71 20
20180702 132232 27 8 84 19
20180702 132233 36 14 68 20
20180702 132234 34 5 74 26
20180702 132235 29 10 77 23
20180702 132236 34 7 81 18
20180702 132237 28 10 68 28
20180702 132238 35 12 86 20
20180702 132239 28 10 69 22
20180702 132240 31 1 87 24
20180702 132241 35 5 84 26
20180702 132242 31 10 77 21
20180702 132243 35 11 77 18
20180702 132244 40 3 73 18
20180702 132245 29 8 77 22
20180702 132246 31 7 81 20
20180702 132248 32 5 88 19
20180702 132249 32 13 76 20
20180702 132250 24 5 87 17
20180702 132251 31 11 71 25
20180702 132252 36 6 82 26
20180702 132253 39 13 82 20
20180702 132254 35 9 73 19
20180702 132255 44 14 70 24
20180702 132256 40 3 88 21
20180702 132257 27 7 82 14
20180702 132258 36 13 74 20
20180702 132259 36 12 73 21
20180702 132300 44 7 72 28
20180702 132301 36 2 76 30
20180702 132302 30 6 87 18
20180702 132303 39 9 74 27
20180702 132304 40 9 73 21
20180702 132305 40 4 81 12
20180702 132306 25 8 83 26
20180702 132307 33 11 78 22
20180702 132308 34 8 80 21
20180702 132309 26 11 82 22
20180702 132310 34 9 73 19
20180702 132311 37 5 86 23
20180702 132312 40 15 79 19
20180702 132313 35 4 76 18
20180702 132314 33 4 79 23
20180702 132315 35 7 78 21
20180702 132316 32 11 73 29
20180702 132317 33 8 72 25
20180702 132318 33 6 67 23
20180702 132319 29 14 81 22
20180702 132320 35 10 72 21
20180702 132321 37 9 83 20
20180702 132322 28 6 86 29
20180702 132323 32 10 77 26
20180702 132324 27 2 80 20
20180702 132325 38 8 79 22
20180702 132327 32 6 91 22
20180702 132328 41 8 67 24
20180702 132329 28 5 77 30
20180702 132330 33 11 71 25
20180702 132331 37 9 76 19
20180702 132332 28 6 88 21
20180702 132333 30 3 78 20
20180702 132334 43 10 85 21
20180702 132335 32 13 79 19
20180702 132336 30 7 78 23
20180702 132337 34 7 75 14
20180702 132338 38 10 79 23
20180702 132339 37 12 78 27
20180702 132340 29 7 75 20
20180702 132341 41 7 70 18
20180702 132342 33 9 69 27
20180702 132343 28 10 77 22
20180702 132344 30 8 77 23
20180702 132345 34 6 70 24
20180702 132346 31 6 68 12
20180702 132347 29 4 72 23
20180702 132348 35 11 82 16
20180702 132349 41 3 71 26
20180702 132350 29 11 76 21
20180702 132351 31 11 79 20
20180702 132352 25 10 91 31
20180702 132353 32 5 66 32
20180702 132354 32 11 70 19
20180702 132355 32 11 77 20
20180702 132356 28 9 72 20
20180702 132357 35 4 75 15
20180702 132358 31 4 79 26
20180702 132359 41 6 77 18
20180702 132400 33 6 83 24
20180702 132401 37 9 87 26
20180702 132402 34 9 81 22
20180702 132403 25 5 81 17
20180702 132404 34 6 90 22
20180702 132405 37 2 66 28
20180702 132407 30 8 76 16
20180702 132408 39 14 74 15
20180702 132409 27 8 81 21
20180702 132410 32 14 65 20
20180702 132411 38 9 74 19
20180702 132412 34 7 78 23
20180702 132413 29 14 76 16
20180702 132414 35 15 76 30
20180702 132415 32 8 72 19
20180702 132416 33 4 73 19
20180702 132417 38 6 67 19
20180702 132418 43 8 81 19
20180702 132419 35 10 69 24
20180702 132420 30 14 86 21
20180702 132421 28 14 80 32
20180702 132422 34 8 80 20
20180702 132423 33 8 71 16
20180702 132424 30 14 79 31
20180702 132425 31 7 77 16
20180702 132426 34 10 73 19
20180702 132427 31 9 73 22
20180702 132428 41 11 67 19
20180702 132429 36 5 70 30
20180702 132430 31 14 80 18
20180702 132431 34 7 82 19
20180702 132432 40 5 83 19
20180702 132433 34 10 76 25
20180702 132434 35 15 86 21
20180702 132435 31 7 77 14
20180702 132436 31 4 73 23
20180702 132437 28 8 82 16
20180702 132438 36 7 76 23
20180702 132439 33 9 70 20
20180702 132440 37 14 73 18
20180702 132441 38 10 83 17
20180702 132442 32 8 75 22
20180702 132443 36 7 71 18
20180702 132444 29 11 71 22
20180702 132445 37 13 86 27
20180702 132447 33 11 81 24
20180702 132448 33 7 79 22
20180702 132449 36 13 82 23
20180702 132450 37 8 77 22
20180702 132451 27 5 73 18
20180702 132452 33 8 79 22
20180702 132453 37 12 85 25
20180702 132454 38 5 84 32
20180702 132455 37 11 71 19
20180702 132456 32 5 79 21
20180702 132457 27 11 75 24
20180702 132458 32 13 70 23
20180702 132459 33 14 68 20
20180702 132500 42 4 90 30
20180702 132501 32 4 81 19
20180702 132502 37 7 74 20
20180702 132503 31 7 84 20
20180702 132504 40 13 72 21
20180702 132505 35 4 82 28
20180702 132506 27 7 70 26
20180702 132507 28 4 73 18
20180702 132508 32 10 77 19
20180702 132509 29 9 79 20
20180702 132510 37 6 66 28
20180702 132511 35 10 75 30
20180702 132512 31 9 85 22
20180702 132513 31 11 69 21
20180702 132514 27 4 68 26
20180702 132515 30 9 86 24
20180702 132516 29 3 71 18
20180702 132517 31 13 76 18
20180702 132518 32 10 82 27
20180702 132519 30 6 79 26
20180702 132520 36 10 70 17
20180702 132521 32 8 68 24
20180702 132522 30 8 78 21
20180702 132523 34 11 72 25
20180702 132524 41 7 83 14
20180702 132526 34 4 82 31
20180702 132527 27 9 67 22
20180702 132528 38 8 75 26
20180702 132529 45 3 93 15
20180702 132530 38 5 75 19
20180702 132531 29 8 75 25
20180702 132532 36 4 75 24
20180702 132533 28 7 86 20
20180702 132534 32 2 75 19
20180702 132535 32 7 72 21
20180702 132536 35 9 76 20
20180702 132537 30 3 75 21
20180702 132538 40 2 70 25
20180702 132539 41 8 71 14
20180702 132540 39 6 87 27
20180702 132541 35 7 83 19
20180702 132542 33 12 80 19
20180702 132543 29 9 78 23
20180702 132544 30 5 81 21
20180702 132545 36 10 80 20
20180702 132546 30 9 83 22
20180702 132547 30 7 83 23
20180702 132548 28 9 68 17
20180702 132549 33 6 79 24
20180702 132550 31 6 74 25
20180702 132551 26 8 71 24
20180702 132552 36 11 76 26
20180702 132553 39 11 76 23
20180702 132554 25 9 72 26
20180702 132555 32 5 74 23
20180702 132556 35 4 86 20
20180702 132557 41 11 81 24
20180702 132558 36 11 83 21
20180702 132559 35 10 74 22
20180702 132600 32 11 85 25
20180702 132601 42 7 78 22
20180702 132602 37 10 75 23
20180702 132603 34 10 72 20
20180702 132604 29 7 72 23
20180702 132606 31 10 69 27
20180702 132607 29 11 87 29
20180702 132608 40 10 73 14
20180702 132609 31 12 80 16
20180702 132610 28 11 85 24
20180702 132611 27 8 80 21
20180702 132612 41 4 81 22
20180702 132613 30 10 72 23
20180702 132614 41 8 74 19
20180702 132615 37 8 81 24
20180702 132616 34 7 72 20
20180702 132617 33 8 77 21
20180702 132618 43 9 72 18
20180702 132619 39 11 83 23
20180702 132620 35 9 74 27
20180702 132621 28 5 85 25
20180702 132622 34 9 80 22
20180702 132623 27 11 78 13
20180702 132624 35 10 75 14
20180702 132625 34 8 92 24
20180702 132626 31 10 70 22
20180702 132627 29 7 73 22
20180702 132628 30 8 76 23
20180702 132629 35 9 77 26
20180702 132630 36 10 74 28
20180702 132631 33 4 70 28
20180702 132632 32 6 74 19
20180702 132633 34 8 82 32
20180702 132634 31 10 74 12
20180702 132635 28 5 81 19
20180702 132636 37 12 74 14
20180702 132637 34 13 82 24
20180702 132638 32 10 79 23
20180702 132639 39 11 79 23
20180702 132640 31 5 75 26
20180702 132641 29 9 78 19
20180702 132642 34 5 75 23
20180702 132643 31 4 81 22
20180702 132645 31 10 76 22
20180702 132646 37 13 81 20
20180702 132647 34 10 74 21
20180702 132648 30 9 79 19
20180702 132649 24 7 88 19
20180702 132650 37 12 79 18
20180702 132651 36 14 75 26
20180702 132652 32 3 78 18
20180702 132653 35 2 76 29
20180702 132654 26 9 82 25
20180702 132655 31 12 75 27
20180702 132656 28 9 78 20
20180702 132657 27 5 79 21
20180702 132658 24 10 74 28
20180702 132659 35 4 79 26
20180702 132700 40 7 72 21
20180702 132701 36 10 76 18
20180702 132702 39 3 81 30
20180702 132703 27 1 71 27
20180702 132704 32 2 73 22
20180702 132705 34 4 82 26
20180702 132706 30 15 79 17
20180702 132707 35 5 74 24
20180702 132708 30 14 74 21
20180702 132709 39 5 79 13
20180702 132710 37 12 86 18
20180702 132711 27 2 75 17
20180702 132712 40 6 70 22
20180702 132713 33 8 74 19
20180702 132714 28 7 81 24
20180702 132715 38 4 79 28
20180702 132716 31 12 66 18
20180702 132717 28 12 76 20
20180702 132718 33 6 64 21
20180702 132719 36 7 86 17
20180702 132720 36 5 70 24
20180702 132721 30 7 72 25
20180702 132722 38 9 73 26
20180702 132723 38 8 68 27
20180702 132725 39 8 69 21
20180702 132726 33 11 76 21
20180702 132727 32 9 69 16
20180702 132728 29 6 81 18
20180702 132729 29 4 72 13
20180702 132730 35 9 75 18
20180702 132731 27 3 75 26
20180702 132732 38 12 76 24
20180702 132733 36 10 80 16
20180702 132734 33 11 82 19
20180702 132735 26 9 81 22
20180702 132736 35 9 73 23
20180702 132737 37 5 72 21
20180702 132738 28 12 75 16
20180702 132739 30 6 70 24
20180702 132740 33 3 74 28
20180702 132741 28 5 66 13
20180702 132742 44 5 81 24
20180702 132743 33 9 66 19
20180702 132744 34 8 76 25
20180702 132745 40 12 67 27
20180702 132746 35 10 72 27
20180702 132747 38 9 73 19
20180702 132748 31 10 75 20
20180702 132749 34 10 67 27
20180702 132750 40 11 80 20
20180702 132751 31 5 71 20
20180702 132752 32 10 81 22
20180702 132753 39 2 73 22
20180702 132754 32 15 69 24
20180702 132755 40 8 79 24
20180702 132756 32 7 83 22
20180702 132757 29 10 76 20
20180702 132758 36 10 80 20
20180702 132759 39 6 73 22
20180702 132800 36 5 74 18
20180702 132801 40 9 75 20
20180702 132802 30 7 75 14
20180702 132803 27 13 72 17
20180702 132805 32 13 79 16
20180702 132806 31 15 76 17
20180702 132807 28 13 79 14
20180702 132808 32 8 74 19
20180702 132809 37 12 80 26
20180702 132810 30 5 80 19
20180702 132811 26 12 83 20
20180702 132812 34 11 70 17
20180702 132813 33 12 80 16
20180702 132814 31 11 73 17
20180702 132815 29 5 75 24
20180702 132816 31 6 77 25
20180702 132817 34 11 73 17
20180702 132818 27 5 83 26
20180702 132819 35 13 78 26
20180702 132820 30 9 82 20
20180702 132821 35 6 78 22
20180702 132822 32 7 75 20
20180702 132823 27 9 79 31
20180702 132824 29 8 76 27
20180702 132825 35 7 85 17
20180702 132826 34 8 88 23
20180702 132827 30 11 76 22
20180702 132828 34 8 69 20
20180702 132829 28 12 83 21
20180702 132830 29 7 68 26
20180702 132831 32 11 80 24
20180702 132832 32 13 77 22
20180702 132833 38 5 82 29
20180702 132834 37 5 84 17
20180702 132835 33 9 73 27
20180702 132836 36 10 80 18
20180702 132837 30 5 83 20
20180702 132838 25 5 81 20
20180702 132839 33 5 85 23
20180702 132840 35 8 81 22
20180702 132841 32 5 80 17
20180702 132842 43 7 80 20
20180702 132844 33 7 75 22
20180702 132845 34 4 83 18
20180702 132846 33 7 79 21
20180702 132847 30 4 86 18
20180702 132848 25 9 69 25
20180702 132849 36 11 67 26
20180702 132850 34 10 63 20
20180702 132851 35 8 78 17
20180702 132852 37 10 71 23
20180702 132853 37 7 72 23
20180702 132854 37 10 71 25
20180702 132855 31 4 70 16
20180702 132856 30 12 71 27
20180702 132857 31 6 83 28
20180702 132858 35 7 65 14
20180702 132859 41 7 78 29
20180702 132900 34 6 74 21
20180702 132901 28 13 74 15
20180702 132902 37 5 81 15
20180702 132903 31 12 81 20
20180702 132904 29 11 80 21
20180702 132905 32 10 80 21
20180702 132906 30 9 75 20
20180702 132907 42 11 81 15
20180702 132908 34 9 64 16
20180702 132909 39 7 82 21
20180702 132910 41 7 93 28
20180702 132911 36 12 76 18
20180702 132912 32 9 74 20
20180702 132913 38 3 72 27
20180702 132914 31 5 69 20
20180702 132915 34 8 72 25
20180702 132916 43 7 68 20
20180702 132917 25 13 75 23
20180702 132918 32 5 74 13
20180702 132919 38 9 76 19
20180702 132920 32 8 79 25
20180702 132921 33 9 74 25
20180702 132922 32 9 75 16
20180702 132924 36 13 73 14
20180702 132925 29 9 74 22
20180702 132926 30 5 74 19
20180702 132927 33 13 72 16
20180702 132928 31 14 81 26
20180702 132929 31 11 66 18
20180702 132930 40 10 75 17
20180702 132931 35 4 70 19
20180702 132932 36 8 76 17
20180702 132933 36 10 72 18
20180702 132934 37 11 86 22
20180702 132935 28 5 82 21
20180702 132936 35 7 84 25
20180702 132937 31 6 75 22
20180702 132938 35 8 91 27
20180702 132939 27 3 79 23
20180702 132940 36 6 72 23
20180702 132941 30 10 87 19
20180702 132942 28 5 77 22
20180702 132943 35 7 81 19
20180702 132944 38 7 73 24
20180702 132945 32 7 90 21
20180702 132946 35 3 89 26
20180702 132947 32 11 71 20
20180702 132948 36 2 87 15
20180702 132949 28 5 72 16
20180702 132950 34 4 76 25
20180702 132951 33 8 82 24
20180702 132952 35 15 66 18
20180702 132953 35 9 81 18
20180702 132954 35 10 86 15
20180702 132955 37 8 79 19
20180702 132956 29 13 83 17
20180702 132957 36 4 78 22
20180702 132958 34 6 79 27
20180702 132959 33 8 81 27
20180702 133000 35 10 76 24
20180702 133001 32 8 77 20
20180702 133002 30 4 74 15
20180702 133004 33 13 80 26
20180702 133005 31 4 75 21
20180702 133006 32 14 76 17
20180702 133007 31 6 68 20
20180702 133008 31 6 75 21
20180702 133009 31 2 83 25
20180702 133010 30 9 73 16
20180702 133011 34 13 81 15
20180702 133012 35 7 77 28
20180702 133013 29 4 69 20
20180702 133014 38 5 73 16
20180702 133015 34 14 74 22
20180702 133016 41 9 78 13
20180702 133017 33 5 82 25
20180702 133018 25 5 83 27
20180702 133019 36 13 81 20
20180702 133020 29 4 77 17
20180702 133021 38 5 79 23
20180702 133022 41 17 74 18
20180702 133023 35 9 74 20
20180702 133024 27 12 68 25
20180702 133025 35 10 77 25
20180702 133026 31 8 75 24
20180702 133027 32 10 73 22
20180702 133028 36 9 73 26
20180702 133029 40 10 77 24
20180702 133030 33 9 75 22
20180702 133031 28 5 69 20
20180702 133032 27 4 79 18
20180702 133033 34 11 70 26
20180702 133034 32 7 73 23
20180702 133035 38 8 77 23
20180702 133036 32 11 86 21
20180702 133037 36 9 78 18
20180702 133038 39 9 85 20
20180702 133039 31 12 79 19
20180702 133040 44 17 76 20
20180702 133041 37 7 78 13
20180702 133043 32 13 75 22
20180702 133044 38 11 76 18
20180702 133045 33 9 73 16
20180702 133046 31 5 72 20
20180702 133047 31 5 87 13
20180702 133048 35 7 89 19
20180702 133049 29 14 79 22
20180702 133050 39 10 69 14
20180702 133051 35 16 75 15
20180702 133052 29 11 81 25
20180702 133053 36 10 68 23
20180702 133054 29 5 75 18
20180702 133055 32 15 88 14
20180702 133056 37 6 88 22
20180702 133057 40 8 78 23
20180702 133058 34 10 76 20
20180702 133059 31 6 84 25
20180702 133100 31 11 83 23
20180702 133101 31 8 95 16
20180702 133102 35 10 81 21
20180702 133103 30 12 89 22
20180702 133104 39 10 73 19
20180702 133105 35 5 78 27
20180702 133106 34 7 90 23
20180702 133107 43 5 87 25
20180702 133108 32 12 70 21
20180702 133109 32 10 71 25
20180702 133110 42 4 78 21
20180702 133111 26 14 73 20
20180702 133112 36 10 86 20
20180702 133113 30 5 93 21
20180702 133114 33 3 75 17
20180702 133115 37 4 75 22
20180702 133116 38 11 83 23
20180702 133117 38 5 77 20
20180702 133118 35 10 83 21
20180702 133119 33 6 85 18
20180702 133120 31 9 81 25
20180702 133121 35 10 70 27
20180702 133123 37 11 82 28
20180702 133124 35 8 85 17
20180702 133125 37 6 71 15
20180702 133126 32 5 80 19
20180702 133127 33 10 70 24
20180702 133128 39 5 75 22
20180702 133129 37 4 83 20
20180702 133130 31 8 66 20
20180702 133131 34 9 77 24
20180702 133132 29 8 71 25
20180702 133133 30 10 80 21
20180702 133134 28 12 79 25
20180702 133135 32 12 70 12
20180702 133136 37 13 70 24
20180702 133137 28 10 77 23
20180702 133138 34 11 77 18
20180702 133139 35 2 77 24
20180702 133140 28 8 72 19
20180702 133141 38 12 65 23
20180702 133142 30 3 71 30
20180702 133143 31 6 76 24
20180702 133144 34 7 78 17
20180702 133145 32 9 70 17
20180702 133146 29 10 68 24
20180702 133147 41 7 73 20
20180702 133148 34 12 67 23
20180702 133149 31 3 71 18
20180702 133150 34 5 78 21
20180702 133151 35 7 74 24
20180702 133152 27 3 78 29
20180702 133153 29 10 79 17
20180702 133154 30 11 76 33
20180702 133155 32 11 88 24
20180702 133156 33 5 77 19
20180702 133157 31 10 80 30
20180702 133158 39 8 83 23
20180702 133159 28 7 91 16
20180702 133200 38 13 68 25
20180702 133202 32 8 68 25
20180702 133203 37 12 81 19
20180702 133204 40 8 81 23
20180702 133205 28 9 69 28
20180702 133206 39 4 89 22
20180702 133207 40 10 77 26
20180702 133208 33 11 77 17
20180702 133209 33 13 74 20
20180702 133210 37 10 71 26
20180702 133211 29 6 79 23
20180702 133212 35 6 75 25
20180702 133213 35 5 71 18
20180702 133214 33 10 83 20
20180702 133215 37 6 72 19
20180702 133216 34 10 86 20
20180702 133217 45 10 79 23
20180702 133218 28 7 85 22
20180702 133219 31 13 76 23
20180702 133220 32 10 88 18
20180702 133221 29 16 72 29
20180702 133222 28 4 81 22
20180702 133223 30 8 76 24
20180702 133224 34 11 74 22
20180702 133225 29 7 82 19
20180702 133226 35 15 85 21
20180702 133227 37 11 73 24
20180702 133228 33 9 70 16
20180702 133229 38 4 82 25
20180702 133230 33 8 84 20
20180702 133231 37 14 91 18
20180702 133232 37 8 71 24
20180702 133233 31 9 72 16
20180702 133234 26 2 84 19
20180702 133235 32 13 91 26
20180702 133236 31 8 82 24
20180702 133237 34 7 81 23
20180702 133238 28 9 69 21
20180702 133239 27 7 75 26
20180702 133240 34 7 68 21
20180702 133242 32 6 82 24
20180702 133243 28 11 85 19
20180702 133244 44 8 74 21
20180702 133245 36 6 75 25
20180702 133246 29 8 74 18
20180702 133247 33 8 81 24
20180702 133248 30 2 80 21
20180702 133249 37 8 84 21
20180702 133250 37 8 77 12
20180702 133251 27 5 79 29
20180702 133252 37 8 78 21
20180702 133253 27 8 80 19
20180702 133254 40 9 79 15
20180702 133255 35 6 78 19
20180702 133256 24 3 83 26
20180702 133257 29 7 74 15
20180702 133258 26 12 70 20
20180702 133259 31 6 88 27
20180702 133300 36 9 84 21
20180702 133301 38 6 80 25
20180702 133302 28 10 78 18
20180702 133303 28 8 76 24
20180702 133304 34 3 80 23
20180702 133305 25 6 68 21
20180702 133306 31 6 72 23
20180702 133307 30 8 81 22
20180702 133308 38 11 78 25
20180702 133309 43 10 76 18
20180702 133310 35 11 91 23
20180702 133311 30 12 86 20
20180702 133312 33 11 78 28
20180702 133313 33 7 76 20
20180702 133314 31 3 79 18
20180702 133315 28 7 91 21
20180702 133316 39 15 74 13
20180702 133317 24 12 82 18
20180702 133318 32 7 71 19
20180702 133319 34 6 83 18
20180702 133320 31 11 86 21
20180702 133322 34 9 72 21
20180702 133323 33 6 69 18
20180702 133324 29 9 79 26
20180702 133325 37 10 76 20
20180702 133326 40 4 69 17
20180702 133327 31 5 70 19
20180702 133328 36 7 84 27
20180702 133329 37 16 73 22
20180702 133330 29 8 65 22
20180702 133331 34 9 80 21
20180702 133332 33 2 76 23
20180702 133333 31 5 87 25
20180702 133334 28 10 87 27
20180702 133335 38 6 71 23
20180702 133336 31 7 79 27
20180702 133337 30 7 82 13
20180702 133338 26 12 71 15
20180702 133339 31 3 67 22
20180702 133340 35 10 84 24
20180702 133341 30 6 84 19
20180702 133342 32 13 78 22
20180702 133343 30 9 66 20
20180702 133344 36 6 87 20
20180702 133345 33 6 64 21
20180702 133346 32 4 79 30
20180702 133347 33 13 79 23
20180702 133348 28 7 84 24
20180702 133349 44 9 76 20
20180702 133350 44 7 85 24
20180702 133351 40 12 68 18
20180702 133352 30 4 85 22
20180702 133353 35 15 81 23
20180702 133354 28 15 75 21
20180702 133355 36 9 80 16
20180702 133356 40 10 78 22
20180702 133357 33 3 86 17
20180702 133358 29 7 92 20
20180702 133359 32 8 86 26
20180702 133401 33 10 72 28
20180702 133402 37 3 78 21
20180702 133403 40 8 72 20
20180702 133404 38 11 71 20
20180702 133405 33 11 66 20
20180702 133406 31 8 76 21
20180702 133407 37 10 71 23
20180702 133408 32 14 71 23
20180702 133409 36 6 74 18
20180702 133410 32 10 74 20
20180702 133411 39 9 74 15
20180702 133412 40 10 71 17
20180702 133413 34 7 74 25
20180702 133414 27 12 76 25
20180702 133415 29 12 79 18
20180702 133416 29 8 77 15
20180702 133417 38 9 67 15
20180702 133418 38 11 74 20
20180702 133419 41 8 87 16
20180702 133420 32 14 71 20
20180702 133421 29 13 87 18
20180702 133422 27 10 69 19
20180702 133423 36 7 82 15
20180702 133424 31 12 84 29
20180702 133425 36 9 66 19
20180702 133426 31 10 68 24
20180702 133427 31 8 77 22
20180702 133428 28 13 67 26
20180702 133429 30 11 81 24
20180702 133430 28 5 74 23
20180702 133431 38 12 73 15
20180702 133432 36 9 79 24
20180702 133433 33 7 81 20
20180702 133434 35 1 80 18
20180702 133435 27 9 83 24
20180702 133436 41 10 76 20
20180702 133437 28 10 79 24
20180702 133438 28 7 71 20
20180702 133439 38 10 72 21
20180702 133441 34 5 78 18
20180702 133442 37 6 70 18
20180702 133443 32 6 71 17
20180702 133444 29 8 76 15
20180702 133445 34 10 71 21
20180702 133446 36 11 78 22
20180702 133447 33 5 77 18
20180702 133448 37 10 72 28
20180702 133449 38 8 76 22
20180702 133450 31 10 77 19
20180702 133451 31 8 75 25
20180702 133452 35 6 83 22
20180702 133453 31 6 73 19
20180702 133454 31 10 83 21
20180702 133455 31 16 82 25
20180702 133456 33 9 84 22
20180702 133457 28 6 80 17
20180702 133458 39 7 66 28
20180702 133459 40 10 81 29
20180702 133500 45 5 78 19
20180702 133501 33 4 80 14
20180702 133502 36 2 72 20
20180702 133503 36 9 80 22
20180702 133504 31 8 80 21
20180702 133505 34 10 75 25
20180702 133506 29 7 71 18
20180702 133507 39 9 68 20
20180702 133508 30 12 72 24
20180702 133509 30 11 85 12
20180702 133510 41 7 70 21
20180702 133511 42 7 81 20
20180702 133512 33 14 76 26
20180702 133513 37 8 75 27
20180702 133514 27 2 78 24
20180702 133515 27 6 73 26
20180702 133516 30 11 74 25
20180702 133517 29 9 76 18
20180702 133518 35 10 80 26
20180702 133519 40 7 71 13
20180702 133521 34 6 71 20
20180702 133522 28 2 77 20
20180702 133523 25 11 71 22
20180702 133524 31 8 78 20
20180702 133525 30 5 72 18
20180702 133526 27 7 84 23
20180702 133527 30 7 72 18
20180702 133528 27 9 72 29
20180702 133529 32 11 71 20
20180702 133530 30 6 83 19
20180702 133531 32 11 74 17
20180702 133532 28 9 80 16
20180702 133533 40 11 83 15
20180702 133534 43 5 69 28
20180702 133535 30 11 69 19
20180702 133536 42 8 76 23
20180702 133537 29 6 77 27
20180702 133538 32 7 78 20
20180702 133539 40 5 85 22
20180702 133540 37 8 79 22
20180702 133541 34 11 71 20
20180702 133542 36 10 70 20
20180702 133543 37 6 86 25
20180702 133544 36 7 84 22
20180702 133545 36 2 63 22
20180702 133546 32 13 68 23
20180702 133547 41 8 73 24
20180702 133548 37 6 74 23
20180702 133549 38 15 85 22
20180702 133550 31 7 87 15
20180702 133551 35 7 78 24
20180702 133552 33 9 84 21
20180702 133553 40 7 79 23
20180702 133554 35 9 69 20
20180702 133555 36 10 80 16
20180702 133556 29 10 79 21
20180702 133557 30 10 84 21
20180702 133558 33 10 75 20
20180702 133600 32 8 74 18
20180702 133601 32 5 77 19
20180702 133602 35 5 80 18
20180702 133603 33 5 86 23
20180702 133604 31 7 72 23
20180702 133605 29 8 76 18
20180702 133606 34 12 77 23
20180702 133607 31 9 75 15
20180702 133608 34 11 84 32
20180702 133609 32 9 79 25
20180702 133610 38 7 94 24
20180702 133611 35 9 80 23
20180702 133612 31 10 85 23
20180702 133613 25 2 82 21
20180702 133614 25 9 74 23
20180702 133615 40 7 69 26
20180702 133616 25 10 73 24
20180702 133617 44 12 71 20
20180702 133618 31 8 75 19
20180702 133619 35 12 84 18
20180702 133620 30 11 75 28
20180702 133621 27 9 67 23
20180702 133622 29 8 76 13
20180702 133623 31 7 76 16
20180702 133624 36 8 73 18
20180702 133625 31 7 82 22
20180702 133626 30 16 70 28
20180702 133627 37 9 78 25
20180702 133628 27 6 86 18
20180702 133629 30 9 86 24
20180702 133630 39 2 76 13
20180702 133631 39 15 86 23
20180702 133632 36 8 79 22
20180702 133633 28 11 77 21
20180702 133634 36 5 74 21
20180702 133635 35 6 70 15
20180702 133636 32 9 89 24
20180702 133637 45 9 82 18
20180702 133638 31 9 81 23
20180702 133640 36 12 77 23
20180702 133641 36 9 73 25
20180702 133642 25 14 90 18
20180702 133643 40 3 82 15
20180702 133644 39 10 64 19
20180702 133645 34 9 77 19
20180702 133646 30 6 70 24
20180702 133647 42 10 87 21
20180702 133648 28 4 75 25
20180702 133649 34 7 89 16
20180702 133650 33 11 88 23
20180702 133651 29 6 84 15
20180702 133652 33 7 83 22
20180702 133653 30 3 82 15
20180702 133654 34 8 65 17
20180702 133655 34 13 77 22
20180702 133656 32 10 80 22
20180702 133657 29 8 80 19
20180702 133658 41 12 69 21
20180702 133659 33 5 79 22
20180702 133700 26 4 85 23
20180702 133701 34 4 75 16
20180702 133702 38 6 81 19
20180702 133703 30 6 66 18
20180702 133704 31 3 68 24
20180702 133705 33 12 71 21
20180702 133706 33 6 64 15
20180702 133707 39 5 73 23
20180702 133708 25 5 73 23
20180702 133709 34 10 78 18
20180702 133710 31 6 89 14
20180702 133711 31 13 81 20
20180702 133712 40 11 69 26
20180702 133713 38 9 70 19
20180702 133714 34 12 74 19
20180702 133715 33 10 81 24
20180702 133716 40 11 67 18
20180702 133717 31 12 78 24
20180702 133718 30 12 64 23
20180702 133720 31 7 80 22
20180702 133721 28 4 75 19
20180702 133722 34 5 70 22
20180702 133723 34 8 70 21
20180702 133724 34 10 76 18
20180702 133725 34 8 71 19
20180702 133726 35 9 90 18
20180702 133727 30 11 75 23
20180702 133728 36 10 69 20
20180702 133729 27 5 79 21
20180702 133730 33 12 75 26
20180702 133731 28 8 67 27
20180702 133732 34 3 79 22
20180702 133733 29 6 75 25
20180702 133734 40 10 76 25
20180702 133735 37 2 81 22
20180702 133736 24 4 80 21
20180702 133737 31 7 85 21
20180702 133738 32 8 79 31
20180702 133739 29 8 72 22
20180702 133740 35 13 78 22
20180702 133741 32 12 82 26
20180702 133742 34 3 82 23
20180702 133743 34 11 77 22
20180702 133744 30 6 74 20
20180702 133745 30 3 76 26
20180702 133746 44 9 82 23
20180702 133747 37 11 77 29
20180702 133748 33 8 76 19
20180702 133749 36 7 80 23
20180702 133750 42 7 71 22
20180702 133751 40 8 83 29
20180702 133752 31 5 71 26
20180702 133753 31 2 89 28
20180702 133754 25 8 75 17
20180702 133755 38 4 84 17
20180702 133756 39 11 83 28
20180702 133757 37 11 74 17
20180702 133759 35 7 69 27
20180702 133800 44 9 78 20
20180702 133801 27 5 72 22
20180702 133802 27 9 80 29
20180702 133803 31 13 78 20
20180702 133804 29 9 86 29
20180702 133805 28 11 82 20
20180702 133806 39 12 79 25
20180702 133807 29 9 82 20
20180702 133808 42 8 78 17
20180702 133809 40 10 75 26
20180702 133810 31 9 70 26
20180702 133811 40 7 72 21
20180702 133812 32 11 82 20
20180702 133813 36 11 80 24
20180702 133814 38 7 82 23
20180702 133815 41 11 85 19
20180702 133816 36 9 74 21
20180702 133817 25 5 67 17
20180702 133818 33 7 85 25
20180702 133819 42 14 74 17
20180702 133820 27 5 70 30
20180702 133821 41 11 82 22
20180702 133822 33 15 75 26
20180702 133823 38 16 88 25
20180702 133824 38 2 81 24
20180702 133825 36 10 76 26
20180702 133826 36 5 81 28
20180702 133827 31 11 76 16
20180702 133828 30 6 79 25
20180702 133829 32 13 73 28
20180702 133830 26 12 93 31
20180702 133831 27 5 77 20
20180702 133832 36 3 75 25
20180702 133833 36 2 74 17
20180702 133834 37 2 76 28
20180702 133835 26 4 78 14
20180702 133836 37 11 79 14
20180702 133837 34 12 69 23
20180702 133839 31 2 73 18
20180702 133840 30 8 82 19
20180702 133841 36 10 70 21
20180702 133842 32 9 83 20
20180702 133843 34 8 80 23
20180702 133844 32 7 76 23
20180702 133845 34 9 86 26
20180702 133846 38 9 86 26
20180702 133847 31 9 78 24
20180702 133848 34 7 69 20
20180702 133849 33 8 82 19
20180702 133850 30 11 68 28
20180702 133851 31 6 72 26
20180702 133852 36 7 77 21
20180702 133853 37 8 81 17
20180702 133854 39 6 76 25
20180702 133855 38 4 79 19
20180702 133856 38 6 87 26
20180702 133857 41 12 78 15
20180702 133858 32 9 71 29
20180702 133859 31 3 86 25
20180702 133900 40 7 77 28
20180702 133901 38 11 73 20
20180702 133902 36 4 81 17
20180702 133903 34 7 87 20
20180702 133904 36 8 73 23
20180702 133905 29 9 76 22
20180702 133906 29 8 72 25
20180702 133907 35 15 70 14
20180702 133908 37 11 69 24
20180702 133909 33 9 66 22
20180702 133910 38 12 77 25
20180702 133911 34 9 71 18
20180702 133912 24 11 76 20
20180702 133913 34 10 67 24
20180702 133914 33 5 75 18
20180702 133915 34 11 71 23
20180702 133916 37 10 68 16
20180702 133917 43 13 75 23
20180702 133919 35 9 77 25
20180702 133920 42 7 73 28
20180702 133921 30 8 71 18
20180702 133922 31 2 77 30
20180702 133923 37 9 82 24
20180702 133924 35 11 81 19
20180702 133925 33 3 84 21
20180702 133926 34 12 67 26
20180702 133927 32 4 78 20
20180702 133928 38 10 81 13
20180702 133929 36 14 70 23
20180702 133930 33 9 72 18
20180702 133931 30 6 70 27
20180702 133932 34 13 67 27
20180702 133933 38 5 77 19
20180702 133934 29 2 73 27
20180702 133935 29 6 84 25
20180702 133936 27 11 87 14
20180702 133937 42 8 81 26
20180702 133938 32 7 82 23
20180702 133939 40 11 80 17
20180702 133940 38 11 93 19
20180702 133941 43 4 76 18
20180702 133942 27 9 74 28
20180702 133943 39 7 77 21
20180702 133944 34 7 74 17
20180702 133945 32 7 83 22
20180702 133946 32 1 75 23
20180702 133947 33 10 72 24
20180702 133948 37 9 69 19
20180702 133949 37 13 70 29
20180702 133950 33 7 76 14
20180702 133951 32 6 79 25
20180702 133952 36 5 72 22
20180702 133953 35 13 77 22
20180702 133954 29 7 71 20
20180702 133955 33 10 80 14
20180702 133956 41 5 77 20
20180702 133958 31 10 76 24
20180702 133959 31 8 81 21
20180702 134000 31 7 82 16
20180702 134001 42 9 73 18
20180702 134002 38 3 74 13
20180702 134003 36 8 66 26
20180702 134004 28 6 76 17
20180702 134005 34 8 80 25
20180702 134006 28 5 74 26
20180702 134007 42 7 67 17
20180702 134008 33 7 81 15
20180702 134009 39 11 69 28
20180702 134010 29 8 81 22
20180702 134011 36 9 74 22
20180702 134012 44 11 66 16
20180702 134013 30 10 75 26
20180702 134014 35 10 84 21
20180702 134015 35 13 78 23
20180702 134016 36 7 82 19
20180702 134017 33 5 75 24
20180702 134018 34 12 75 19
20180702 134019 37 9 71 18
20180702 134020 26 11 69 17
20180702 134021 25 7 76 20
20180702 134022 39 6 82 18
20180702 134023 24 6 80 17
20180702 134024 43 11 74 15
20180702 134025 30 7 78 20
20180702 134026 32 12 70 26
20180702 134027 31 4 68 25
20180702 134028 28 6 78 25
20180702 134029 35 13 66 20
20180702 134030 38 10 86 22
20180702 134031 42 13 71 23
20180702 134032 39 11 76 25
20180702 134033 44 11 79 20
20180702 134034 29 8 88 24
20180702 134035 40 5 78 23
20180702 134036 27 8 67 15
20180702 134038 29 7 79 18
20180702 134039 31 9 88 18
20180702 134040 31 3 75 22
20180702 134041 38 11 73 19
20180702 134042 37 9 83 27
20180702 134043 28 12 76 21
20180702 134044 32 5 75 25
20180702 134045 31 15 72 30
20180702 134046 33 10 75 16
20180702 134047 28 9 77 23
20180702 134048 31 9 71 14
20180702 134049 25 5 76 17
20180702 134050 30 9 68 15
20180702 134051 32 5 89 13
20180702 134052 41 13 78 21
20180702 134053 30 11 78 22
20180702 134054 36 15 70 20
20180702 134055 29 3 81 26
20180702 134056 25 5 76 25
20180702 134057 29 11 69 18
20180702 134058 45 2 81 19
20180702 134059 36 9 73 31
20180702 134100 32 6 69 23
20180702 134101 30 10 89 18
20180702 134102 40 9 76 16
20180702 134103 41 9 70 17
20180702 134104 37 9 78 21
20180702 134105 34 9 69 26
20180702 134106 34 10 76 21
20180702 134107 26 8 69 25
20180702 134108 29 8 79 19
20180702 134109 36 5 81 24
20180702 134110 28 9 79 27
20180702 134111 34 14 71 20
20180702 134112 32 10 71 21
20180702 134113 27 12 75 21
20180702 134114 27 10 72 28
20180702 134115 36 5 89 23
20180702 134117 39 9 81 18
20180702 134118 37 7 80 22
20180702 134119 40 12 77 18
20180702 134120 30 9 65 19
20180702 134121 33 12 71 17
20180702 134122 33 3 75 29
20180702 134123 33 8 80 21
20180702 134124 40 9 78 28
20180702 134125 39 8 81 20
20180702 134126 26 8 79 20
20180702 134127 41 6 88 21
20180702 134128 35 4 69 20
20180702 134129 30 14 81 18
20180702 134130 36 11 70 17
20180702 134131 39 16 73 20
20180702 134132 38 3 82 25
20180702 134133 36 5 77 16
20180702 134134 36 8 78 20
20180702 134135 35 7 80 15
20180702 134136 35 13 71 21
20180702 134137 34 10 74 16
20180702 134138 28 5 75 23
20180702 134139 35 8 71 18
20180702 134140 27 6 86 14
20180702 134141 33 13 78 29
20180702 134142 39 4 71 21
20180702 134143 33 8 77 19
20180702 134144 30 6 77 29
20180702 134145 28 8 81 24
20180702 134146 30 5 76 24
20180702 134147 29 13 73 27
20180702 134148 29 9 81 22
20180702 134149 34 7 75 23
20180702 134150 32 10 73 21
20180702 134151 36 7 69 23
20180702 134152 32 14 71 22
20180702 134153 36 2 71 20
20180702 134154 32 8 79 18
20180702 134155 31 12 83 24
20180702 134157 24 10 76 18
20180702 134158 30 10 70 20
20180702 134159 32 8 82 29
20180702 134200 39 6 74 18
20180702 134201 37 10 85 20
20180702 134202 35 14 78 20
20180702 134203 33 8 67 18
20180702 134204 27 4 84 21
20180702 134205 29 9 75 24
20180702 134206 27 4 75 22
20180702 134207 34 8 70 23
20180702 134208 32 10 72 24
20180702 134209 32 9 69 18
20180702 134210 35 6 73 22
20180702 134211 36 8 69 24
20180702 134212 31 9 69 26
20180702 134213 32 5 68 21
20180702 134214 33 2 76 25
20180702 134215 37 12 73 27
20180702 134216 33 13 74 23
20180702 134217 37 9 75 25
20180702 134218 36 12 72 20
20180702 134219 36 13 73 20
20180702 134220 33 10 76 21
20180702 134221 33 7 74 18
20180702 134222 33 12 72 18
20180702 134223 43 9 69 21
20180702 134224 31 8 80 27
20180702 134225 33 5 72 29
20180702 134226 30 3 79 20
20180702 134227 32 7 78 28
20180702 134228 28 5 65 27
20180702 134229 29 4 74 21
20180702 134230 32 10 88 27
20180702 134231 30 13 74 20
20180702 134232 32 9 74 15
20180702 134233 32 10 82 22
20180702 134234 30 7 90 16
20180702 134235 33 8 84 26
20180702 134237 40 7 66 24
20180702 134238 37 13 82 18
20180702 134239 33 9 73 19
20180702 134240 39 9 72 26
20180702 134241 31 5 77 19
20180702 134242 27 10 78 16
20180702 134243 33 8 77 19
20180702 134244 28 10 78 24
20180702 134245 38 9 81 21
20180702 134246 37 7 83 26
20180702 134247 33 12 86 22
20180702 134248 34 15 78 24
20180702 134249 35 8 71 19
20180702 134250 30 9 73 26
20180702 134251 33 12 82 24
20180702 134252 32 11 66 17
20180702 134253 36 13 74 20
20180702 134254 34 6 67 18
20180702 134255 34 12 74 22
20180702 134256 42 5 78 16
20180702 134257 26 13 79 17
20180702 134258 32 9 71 21
20180702 134259 36 10 78 25
20180702 134300 27 11 86 22
20180702 134301 27 11 77 15
20180702 134302 34 11 68 28
20180702 134303 30 7 79 23
20180702 134304 29 3 76 19
20180702 134305 26 8 70 22
20180702 134306 36 8 73 20
20180702 134307 33 6 77 31
20180702 134308 32 6 74 27
20180702 134309 30 9 69 20
20180702 134310 37 7 71 18
20180702 134311 35 6 78 15
20180702 134312 34 6 88 21
20180702 134313 34 6 84 23
20180702 134314 42 6 75 27
20180702 134316 30 9 77 31
20180702 134317 29 15 82 15
20180702 134318 29 9 75 18
20180702 134319 28 7 79 24
20180702 134320 36 8 73 19
20180702 134321 32 8 86 19
20180702 134322 27 1 81 22
20180702 134323 35 5 65 16
20180702 134324 30 8 71 17
20180702 134325 36 8 76 23
20180702 134326 30 10 76 14
20180702 134327 29 10 87 17
20180702 134328 29 8 82 18
20180702 134329 37 6 81 18
20180702 134330 28 12 88 23
20180702 134331 31 7 82 26
20180702 134332 32 10 90 19
20180702 134333 33 6 81 26
20180702 134334 33 9 89 20
20180702 134335 36 13 81 16
20180702 134336 27 8 79 26
20180702 134337 34 9 69 20
20180702 134338 35 12 75 24
20180702 134339 35 12 67 23
20180702 134340 30 8 65 21
20180702 134341 30 11 81 20
20180702 134342 35 11 77 23
20180702 134343 34 10 73 23
20180702 134344 30 15 77 19
20180702 134345 38 3 81 24
20180702 134346 28 4 81 27
20180702 134347 34 13 86 21
20180702 134348 33 7 78 20
20180702 134349 33 8 72 13
20180702 134350 32 13 73 23
20180702 134351 40 4 69 26
20180702 134352 35 6 78 19
20180702 134353 32 12 73 22
20180702 134354 29 7 73 21
20180702 134356 27 12 73 20
20180702 134357 35 12 80 21
20180702 134358 34 9 95 18
20180702 134359 32 6 79 22
20180702 134400 37 6 72 24
20180702 134401 32 6 77 29
20180702 134402 34 7 82 24
20180702 134403 28 8 74 26
20180702 134404 31 7 80 25
20180702 134405 38 8 76 23
20180702 134406 39 15 73 20
20180702 134407 39 3 81 14
20180702 134408 34 9 76 20
20180702 134409 34 1 77 24
20180702 134410 32 12 75 27
20180702 134411 30 14 86 22
20180702 134412 34 8 71 21
20180702 134413 30 5 74 21
20180702 134414 30 4 74 24
20180702 134415 27 11 81 17
20180702 134416 36 9 81 13
20180702 134417 37 8 76 28
20180702 134418 38 7 69 22
20180702 134419 38 3 66 21
20180702 134420 38 6 67 21
20180702 134421 31 11 90 24
20180702 134422 31 4 80 18
20180702 134423 31 12 75 21
20180702 134424 33 8 75 19
20180702 134425 36 5 76 28
20180702 134426 32 9 74 17
20180702 134427 23 9 85 23
20180702 134428 34 4 68 25
20180702 134429 30 9 66 21
20180702 134430 43 7 83 23
20180702 134431 29 13 81 16
20180702 134432 36 8 75 21
20180702 134433 25 8 71 20
20180702 134435 32 11 72 17
20180702 134436 31 6 70 23
20180702 134437 28 9 71 19
20180702 134438 29 2 81 18
20180702 134439 35 12 75 24
20180702 134440 36 7 64 18
20180702 134441 32 8 81 18
20180702 134442 31 9 82 19
20180702 134443 34 10 80 28
20180702 134444 36 10 83 20
20180702 134445 29 8 73 21
20180702 134446 41 8 76 13
20180702 134447 33 11 82 22
20180702 134448 35 2 86 26
20180702 134449 29 15 74 26
20180702 134450 36 14 81 18
20180702 134451 28 7 81 22
20180702 134452 25 9 84 26
20180702 134453 32 5 70 16
20180702 134454 28 4 75 18
20180702 134455 26 5 86 15
20180702 134456 38 9 85 21
20180702 134457 44 10 74 23
20180702 134458 32 10 73 20
20180702 134459 32 6 85 23
20180702 134500 36 8 77 29
20180702 134501 35 12 70 18
20180702 134502 30 6 76 20
20180702 134503 34 5 73 18
20180702 134504 27 12 87 16
20180702 134505 37 13 70 24
20180702 134506 34 5 81 29
20180702 134507 39 13 70 15
20180702 134508 30 12 73 28
20180702 134509 33 5 66 21
20180702 134510 34 14 68 27
20180702 134511 29 7 71 19
20180702 134512 44 4 79 19
20180702 134513 37 6 78 18
20180702 134515 33 12 75 25
20180702 134516 36 9 71 15
20180702 134517 34 9 76 24
20180702 134518 27 4 86 19
20180702 134519 32 7 92 32
20180702 134520 35 10 90 23
20180702 134521 35 7 80 21
20180702 134522 32 5 72 14
20180702 134523 29 7 75 27
20180702 134524 40 5 74 24
20180702 134525 39 7 72 29
20180702 134526 30 5 90 22
20180702 134527 31 5 78 19
20180702 134528 42 10 79 22
20180702 134529 36 11 76 18
20180702 134530 36 5 77 28
20180702 134531 32 5 68 20
20180702 134532 32 10 66 16
20180702 134533 30 9 67 16
20180702 134534 37 7 70 22
20180702 134535 34 9 81 19
20180702 134536 28 3 79 21
20180702 134537 33 12 86 27
20180702 134538 28 14 94 28
20180702 134539 40 9 80 17
20180702 134540 38 8 76 20
20180702 134541 33 9 73 18
20180702 134542 28 8 77 21
20180702 134543 36 9 87 13
20180702 134544 29 10 79 27
20180702 134545 39 8 81 17
20180702 134546 29 9 76 17
20180702 134547 32 4 77 26
20180702 134548 30 4 77 15
20180702 134549 40 9 74 20
20180702 134550 28 8 85 16
20180702 134551 35 6 69 18
20180702 134552 27 6 74 28
20180702 134553 29 3 69 21
20180702 134555 39 9 77 23
20180702 134556 40 13 82 18
20180702 134557 41 5 86 27
20180702 134558 36 5 83 24
20180702 134559 31 8 77 17
20180702 134600 44 12 75 20
20180702 134601 42 11 73 20
20180702 134602 36 6 83 23
20180702 134603 38 12 65 19
20180702 134604 30 11 88 33
20180702 134605 31 9 83 20
20180702 134606 31 11 78 14
20180702 134607 33 10 73 28
20180702 134608 32 9 75 20
20180702 134609 28 12 83 20
20180702 134610 39 14 83 22
20180702 134611 28 10 74 18
20180702 134612 38 7 80 25
20180702 134613 34 8 80 21
20180702 134614 28 10 78 27
20180702 134615 28 9 78 23
20180702 134616 31 7 70 15
20180702 134617 28 7 81 17
20180702 134618 30 6 68 19
20180702 134619 34 12 87 23
20180702 134620 31 4 74 15
20180702 134621 32 10 78 24
20180702 134622 37 11 79 22
20180702 134623 27 10 85 24
20180702 134624 31 8 66 18
20180702 134625 34 8 81 24
20180702 134626 40 5 78 20
20180702 134627 34 7 76 26
20180702 134628 33 10 73 16
20180702 134629 32 10 78 19
20180702 134630 31 8 69 15
20180702 134631 37 3 73 23
20180702 134632 36 11 72 25
20180702 134634 36 1 79 20
20180702 134635 30 4 73 14
20180702 134636 39 9 93 20
20180702 134637 30 10 78 19
20180702 134638 38 2 78 24
20180702 134639 34 11 92 21
20180702 134640 40 13 72 21
20180702 134641 33 8 81 24
20180702 134642 32 6 82 17
20180702 134643 44 3 72 20
20180702 134644 38 4 75 22
20180702 134645 28 6 86 23
20180702 134646 27 8 71 17
20180702 134647 32 5 80 28
20180702 134648 32 7 75 17
20180702 134649 37 12 78 18
20180702 134650 31 5 76 22
20180702 134651 37 7 79 26
20180702 134652 42 11 72 20
20180702 134653 33 9 75 19
20180702 134654 30 11 68 26
20180702 134655 30 5 80 25
20180702 134656 37 6 75 25
20180702 134657 29 3 68 17
20180702 134658 33 10 88 22
20180702 134659 30 9 79 21
20180702 134700 34 8 79 26
20180702 134701 38 9 76 19
20180702 134702 30 8 78 22
20180702 134703 35 8 67 23
20180702 134704 42 7 76 18
20180702 134705 27 7 79 18
20180702 134706 28 8 79 19
20180702 134707 27 8 86 21
20180702 134708 29 11 67 25
20180702 134709 30 9 77 17
20180702 134710 29 7 74 22
20180702 134711 31 11 76 16
20180702 134712 32 6 81 17
20180702 134714 29 11 83 16
20180702 134715 37 9 85 20
20180702 134716 37 9 76 28
20180702 134717 35 8 77 24
20180702 134718 30 3 70 24
20180702 134719 36 11 85 22
20180702 134720 29 8 72 12
20180702 134721 31 7 84 21
20180702 134722 29 7 85 20
20180702 134723 28 3 77 13
20180702 134724 33 5 87 25
20180702 134725 33 11 83 26
20180702 134726 33 12 82 15
20180702 134727 32 5 75 24
20180702 134728 31 13 80 20
20180702 134729 31 5 66 28
20180702 134730 31 7 72 18
20180702 134731 30 8 65 14
20180702 134732 27 10 83 17
20180702 134733 33 6 69 21
20180702 134734 23 8 79 29
20180702 134735 34 4 91 18
20180702 134736 27 7 73 23
20180702 134737 33 13 77 19
20180702 134738 29 4 75 22
20180702 134739 31 8 67 21
20180702 134740 34 2 82 17
20180702 134741 29 8 76 22
20180702 134742 32 4 75 24
20180702 134743 42 6 80 24
20180702 134744 35 3 75 19
20180702 134745 31 4 87 15
20180702 134746 36 12 85 24
20180702 134747 31 9 71 18
20180702 134748 33 9 70 21
20180702 134749 27 7 83 23
20180702 134750 30 9 72 22
20180702 134751 26 9 71 26
20180702 134753 35 9 86 18
20180702 134754 37 7 70 14
20180702 134755 38 4 69 19
20180702 134756 31 11 75 21
20180702 134757 34 2 71 25
20180702 134758 28 11 68 19
20180702 134759 30 10 75 31
20180702 134800 32 5 70 22
20180702 134801 30 8 79 26
20180702 134802 40 4 68 22
20180702 134803 28 7 71 14
20180702 134804 33 7 78 19
20180702 134805 24 10 77 22
20180702 134806 32 8 90 22
20180702 134807 40 7 83 21
20180702 134808 35 11 80 26
20180702 134809 36 9 69 22
20180702 134810 38 5 81 19
20180702 134811 29 7 90 21
20180702 134812 38 11 85 26
20180702 134813 36 9 68 18
20180702 134814 33 10 73 19
20180702 134815 30 9 82 17
20180702 134816 34 12 75 18
20180702 134817 34 9 77 20
20180702 134818 39 12 72 27
20180702 134819 24 9 82 20
20180702 134820 38 10 80 20
20180702 134821 35 9 69 23
20180702 134822 32 8 69 23
20180702 134823 30 5 74 16
20180702 134824 30 5 89 17
20180702 134825 31 12 80 28
20180702 134826 28 9 75 18
20180702 134827 33 12 66 20
20180702 134828 33 5 66 22
20180702 134829 38 11 75 28
20180702 134830 36 6 75 22
20180702 134831 41 8 71 24
20180702 134833 27 9 77 18
20180702 134834 39 4 74 18
20180702 134835 30 6 64 27
20180702 134836 41 10 80 26
20180702 134837 34 6 79 18
20180702 134838 35 6 71 26
20180702 134839 32 7 77 23
20180702 134840 28 10 81 26
20180702 134841 37 6 76 23
20180702 134842 33 7 74 18
20180702 134843 33 10 84 24
20180702 134844 29 4 70 23
20180702 134845 31 10 80 26
20180702 134846 34 12 79 19
20180702 134847 29 9 70 20
20180702 134848 34 7 77 27
20180702 134849 34 7 83 15
20180702 134850 37 6 75 14
20180702 134851 33 7 76 17
20180702 134852 31 7 82 28
20180702 134853 34 7 85 26
20180702 134854 32 8 75 26
20180702 134855 36 8 71 25
20180702 134856 31 6 81 18
20180702 134857 37 5 64 22
20180702 134858 28 11 67 24
20180702 134859 31 5 70 16
20180702 134900 41 7 78 21
20180702 134901 44 8 81 20
20180702 134902 26 6 69 18
20180702 134903 28 6 86 25
20180702 134904 35 10 76 32
20180702 134905 27 11 79 19
20180702 134906 31 6 83 21
20180702 134907 32 10 75 20
20180702 134908 33 10 79 18
20180702 134909 29 9 70 17
20180702 134910 33 11 75 24
20180702 134911 37 14 71 22
20180702 134913 29 7 80 14
20180702 134914 39 9 74 22
20180702 134915 34 9 70 26
20180702 134916 30 1 79 15
20180702 134917 29 9 73 27
20180702 134918 31 13 79 24
20180702 134919 34 12 71 24
20180702 134920 30 6 72 21
20180702 134921 27 8 71 27
20180702 134922 39 9 69 23
20180702 134923 39 7 84 21
20180702 134924 31 7 72 24
20180702 134925 40 6 71 26
20180702 134926 28 2 68 11
20180702 134927 29 8 71 22
20180702 134928 36 7 81 24
20180702 134929 37 13 82 19
20180702 134930 31 10 73 22
20180702 134931 28 9 78 17
20180702 134932 33 9 86 23
20180702 134933 38 10 70 17
20180702 134934 40 7 70 22
20180702 134935 34 12 76 17
20180702 134936 34 12 81 22
20180702 134937 45 9 88 18
20180702 134938 39 7 80 26
20180702 134939 28 9 82 23
20180702 134940 41 5 88 16
20180702 134941 35 5 75 21
20180702 134942 30 6 72 22
20180702 134943 37 9 67 24
20180702 134944 33 11 72 24
20180702 134945 38 12 82 26
20180702 134946 29 8 67 22
20180702 134947 32 5 78 18
20180702 134948 39 6 73 18
20180702 134949 30 8 76 18
20180702 134950 30 6 67 19
20180702 134952 29 10 77 21
20180702 134953 31 9 73 20
20180702 134954 27 4 73 24
20180702 134955 29 7 71 17
20180702 134956 33 7 85 18
20180702 134957 35 10 74 22
20180702 134958 30 6 70 14
20180702 134959 25 7 77 25
20180702 135000 40 11 71 23
20180702 135001 35 6 89 15
20180702 135002 31 9 82 12
20180702 135003 33 3 81 22
20180702 135004 29 14 70 13
20180702 135005 32 6 83 25
20180702 135006 30 7 80 14
20180702 135007 30 7 84 23
20180702 135008 37 10 76 28
20180702 135009 31 7 70 14
20180702 135010 25 7 74 13
20180702 135011 28 10 70 19
20180702 135012 30 8 64 20
20180702 135013 42 7 71 22
20180702 135014 31 11 79 17
20180702 135015 30 7 76 21
20180702 135016 35 9 72 25
20180702 135017 34 6 81 20
20180702 135018 35 0 70 20
20180702 135019 29 6 73 29
20180702 135020 43 16 88 18
20180702 135021 35 3 87 24
20180702 135022 35 12 71 25
20180702 135023 40 10 66 27
20180702 135024 32 4 80 16
20180702 135025 30 14 66 28
20180702 135026 30 8 80 15
20180702 135027 25 8 65 26
20180702 135028 34 7 81 22
20180702 135029 35 5 82 18
20180702 135030 37 11 67 28
20180702 135032 35 7 70 23
20180702 135033 30 10 71 31
20180702 135034 42 8 73 21
20180702 135035 29 11 74 25
20180702 135036 33 6 82 24
20180702 135037 29 5 79 20
20180702 135038 29 8 80 24
20180702 135039 33 3 67 24
20180702 135040 30 9 88 24
20180702 135041 41 12 70 27
20180702 135042 33 5 77 27
20180702 135043 34 4 87 16
20180702 135044 40 7 72 19
20180702 135045 31 5 79 18
20180702 135046 35 15 66 15
20180702 135047 33 4 90 21
20180702 135048 29 12 80 18
20180702 135049 29 10 88 27
20180702 135050 29 9 72 15
20180702 135051 38 13 66 25
20180702 135052 33 7 84 19
20180702 135053 34 7 85 21
20180702 135054 30 8 80 21
20180702 135055 29 10 71 20
20180702 135056 32 8 77 19
20180702 135057 31 10 70 27
20180702 135058 35 14 75 18
20180702 135059 29 8 69 24
20180702 135100 38 5 81 21
20180702 135101 41 6 78 17
20180702 135102 30 6 81 23
20180702 135103 36 2 72 15
20180702 135104 32 5 78 25
20180702 135105 26 8 72 23
20180702 135106 32 3 67 20
20180702 135107 31 6 71 22
20180702 135108 40 5 79 21
20180702 135109 32 16 75 19
20180702 135111 29 9 77 23
20180702 135112 31 11 80 26
20180702 135113 37 10 78 28
20180702 135114 35 7 71 22
20180702 135115 35 9 79 24
20180702 135116 38 10 71 27
20180702 135117 34 5 69 14
20180702 135118 26 6 86 22
20180702 135119 42 4 78 20
20180702 135120 30 16 74 21
20180702 135121 37 8 74 24
20180702 135122 38 10 79 25
20180702 135123 31 10 88 21
20180702 135124 33 10 82 14
20180702 135125 25 9 66 18
20180702 135126 37 5 85 22
20180702 135127 36 9 76 25
20180702 135128 37 12 76 20
20180702 135129 36 7 73 21
20180702 135130 32 14 74 23
20180702 135131 36 10 82 15
20180702 135132 36 6 73 18
20180702 135133 34 4 68 21
20180702 135134 32 6 80 23
20180702 135135 28 5 81 22
20180702 135136 43 13 68 24
20180702 135137 35 13 79 14
20180702 135138 31 8 74 20
20180702 135139 40 6 87 12
20180702 135140 33 4 83 24
20180702 135141 34 11 65 18
20180702 135142 33 8 82 18
20180702 135143 39 2 73 16
20180702 135144 32 5 71 15
20180702 135145 29 5 72 23
20180702 135146 36 6 84 23
20180702 135147 35 8 72 28
20180702 135148 24 0 72 16
20180702 135149 28 6 87 14
20180702 135151 31 3 79 25
20180702 135152 33 10 74 20
20180702 135153 35 10 78 22
20180702 135154 31 9 79 17
20180702 135155 30 7 81 23
20180702 135156 29 9 71 24
20180702 135157 39 6 70 26
20180702 135158 31 9 75 20
20180702 135159 40 13 64 27
20180702 135200 37 4 72 19
20180702 135201 31 8 76 22
20180702 135202 35 2 78 15
20180702 135203 35 5 78 27
20180702 135204 35 12 79 22
20180702 135205 31 3 76 20
20180702 135206 30 6 85 22
20180702 135207 34 1 76 20
20180702 135208 35 6 79 21
20180702 135209 37 7 82 13
20180702 135210 41 5 63 25
20180702 135211 34 11 75 24
20180702 135212 36 13 78 25
20180702 135213 35 17 85 20
20180702 135214 37 8 79 21
20180702 135215 30 6 79 26
20180702 135216 27 4 71 23
20180702 135217 37 4 69 20
20180702 135218 35 10 77 22
20180702 135219 27 5 75 31
20180702 135220 40 8 76 15
20180702 135221 31 6 72 24
20180702 135222 29 6 79 30
20180702 135223 34 11 69 31
20180702 135224 36 10 70 23
20180702 135225 32 10 77 21
20180702 135226 38 4 78 23
20180702 135227 37 8 69 25
20180702 135228 34 7 83 24
20180702 135230 28 5 77 22
20180702 135231 34 5 68 22
20180702 135232 32 11 79 21
20180702 135233 35 3 80 24
20180702 135234 38 9 73 26
20180702 135235 33 8 80 20
20180702 135236 38 9 82 22
20180702 135237 34 6 73 22
20180702 135238 30 10 68 25
20180702 135239 34 9 78 21
20180702 135240 34 9 70 16
20180702 135241 28 8 75 18
20180702 135242 25 8 70 22
20180702 135243 31 9 78 22
20180702 135244 38 8 77 23
20180702 135245 24 11 77 27
20180702 135246 28 8 78 21
20180702 135247 37 3 78 24
20180702 135248 32 11 79 18
20180702 135249 31 8 69 20
20180702 135250 36 12 86 17
20180702 135251 30 8 77 16
20180702 135252 34 8 86 17
20180702 135253 40 10 84 29
20180702 135254 43 11 79 28
20180702 135255 33 7 76 16
20180702 135256 34 5 75 24
20180702 135257 26 15 75 16
20180702 135258 34 1 76 19
20180702 135259 42 7 75 21
20180702 135300 35 6 71 24
20180702 135301 40 6 76 17
20180702 135302 26 11 87 30
20180702 135303 33 6 83 21
20180702 135304 38 8 64 20
20180702 135305 35 4 71 25
20180702 135306 32 15 82 25
20180702 135307 35 12 81 15
20180702 135308 31 6 80 22
20180702 135310 32 6 84 21
20180702 135311 32 10 82 25
20180702 135312 31 13 71 20
20180702 135313 38 12 80 21
20180702 135314 31 8 87 25
20180702 135315 36 13 77 18
20180702 135316 27 8 72 18
20180702 135317 31 10 87 20
20180702 135318 31 10 80 21
20180702 135319 34 12 87 23
20180702 135320 31 9 76 16
20180702 135321 32 15 72 24
20180702 135322 25 9 91 23
20180702 135323 37 10 71 15
20180702 135324 36 1 86 25
20180702 135325 29 9 85 26
20180702 135326 42 11 71 27
20180702 135327 31 12 73 17
20180702 135328 37 12 77 23
20180702 135329 33 5 70 23
20180702 135330 35 9 73 21
20180702 135331 41 9 80 23
20180702 135332 30 9 68 16
20180702 135333 36 14 78 20
20180702 135334 30 12 73 21
20180702 135335 36 9 77 15
20180702 135336 34 9 78 29
20180702 135337 35 2 73 23
20180702 135338 35 10 79 27
20180702 135339 29 5 73 21
20180702 135340 37 11 73 19
20180702 135341 32 14 84 26
20180702 135342 40 7 78 31
20180702 135343 32 7 72 21
20180702 135344 31 9 80 28
20180702 135345 28 11 70 23
20180702 135346 39 16 83 20
20180702 135347 31 10 81 20
20180702 135348 38 10 78 26
20180702 135350 42 12 81 22
20180702 135351 33 6 72 15
20180702 135352 40 7 82 22
20180702 135353 33 13 74 16
20180702 135354 31 4 81 22
20180702 135355 32 6 74 19
20180702 135356 32 7 82 22
20180702 135357 33 10 70 19
20180702 135358 30 4 67 25
20180702 135359 27 8 76 21
20180702 135400 27 5 76 23
20180702 135401 32 8 83 23
20180702 135402 33 7 78 27
20180702 135403 33 11 79 21
20180702 135404 30 8 76 21
20180702 135405 33 3 69 29
20180702 135406 37 7 82 19
20180702 135407 37 6 75 19
20180702 135408 38 2 75 20
20180702 135409 30 12 70 20
20180702 135410 33 3 70 22
20180702 135411 38 9 77 31
20180702 135412 32 10 76 26
20180702 135413 34 6 74 14
20180702 135414 41 10 74 28
20180702 135415 36 9 78 19
20180702 135416 33 9 78 22
20180702 135417 30 11 83 18
20180702 135418 34 4 89 21
20180702 135419 35 7 76 20
20180702 135420 31 8 92 21
20180702 135421 33 5 84 27
20180702 135422 42 10 64 22
20180702 135423 35 9 88 25
20180702 135424 31 5 74 20
20180702 135425 28 7 79 28
20180702 135426 36 12 84 25
20180702 135427 36 12 75 22
20180702 135429 38 12 74 23
20180702 135430 35 9 89 25
20180702 135431 34 12 84 25
20180702 135432 32 7 79 19
20180702 135433 38 5 70 23
20180702 135434 30 7 75 12
20180702 135435 34 6 77 24
20180702 135436 40 9 71 24
20180702 135437 30 7 79 22
20180702 135438 38 8 86 21
20180702 135439 43 6 71 20
20180702 135440 36 7 74 22
20180702 135441 36 12 76 22
20180702 135442 35 6 81 32
20180702 135443 32 5 76 26
20180702 135444 35 7 73 28
20180702 135445 30 16 70 24
20180702 135446 34 8 79 20
20180702 135447 32 9 67 26
20180702 135448 34 14 73 20
20180702 135449 36 9 69 25
20180702 135450 39 6 76 20
20180702 135451 28 16 74 24
20180702 135452 38 9 74 23
20180702 135453 27 8 83 20
20180702 135454 32 11 74 27
20180702 135455 27 12 79 18
20180702 135456 33 7 71 22
20180702 135457 39 7 66 19
20180702 135458 39 6 73 24
20180702 135459 32 7 73 25
20180702 135500 39 8 72 29
20180702 135501 30 7 73 18
20180702 135502 35 5 93 13
20180702 135503 35 8 73 19
20180702 135504 38 7 82 20
20180702 135505 31 11 75 21
20180702 135506 39 9 89 19
20180702 135507 36 16 80 12
20180702 135509 37 8 84 25
20180702 135510 30 6 74 29
20180702 135511 31 9 70 14
20180702 135512 32 6 78 23
20180702 135513 32 9 71 22
20180702 135514 29 11 80 22
20180702 135515 27 6 76 18
20180702 135516 33 4 88 17
20180702 135517 31 6 81 26
20180702 135518 30 7 85 27
20180702 135519 36 10 69 31
20180702 135520 27 13 81 20
20180702 135521 30 5 70 24
20180702 135522 38 11 73 18
20180702 135523 34 2 78 21
20180702 135524 29 8 79 22
20180702 135525 35 5 71 26
20180702 135526 32 5 73 16
20180702 135527 32 9 89 21
20180702 135528 35 8 85 28
20180702 135529 34 6 64 28
20180702 135530 30 11 78 27
20180702 135531 43 7 81 25
20180702 135532 32 7 70 18
20180702 135533 35 10 71 20
20180702 135534 31 3 71 23
20180702 135535 33 8 72 21
20180702 135536 37 8 73 23
20180702 135537 36 2 83 24
20180702 135538 32 7 69 21
20180702 135539 33 14 69 21
20180702 135540 34 8 72 16
20180702 135541 27 9 88 30
20180702 135542 44 7 78 27
20180702 135543 29 13 74 27
20180702 135544 34 9 74 24
20180702 135545 28 9 75 23
20180702 135546 29 12 86 16
20180702 135547 34 10 82 20
20180702 135549 35 8 79 21
20180702 135550 29 8 84 21
20180702 135551 34 5 78 22
20180702 135552 33 10 68 28
20180702 135553 36 10 70 23
20180702 135554 37 11 79 19
20180702 135555 28 7 66 21
20180702 135556 34 13 83 17
20180702 135557 32 10 80 17
20180702 135558 34 8 78 20
20180702 135559 31 7 77 26
20180702 135600 29 5 72 24
20180702 135601 40 12 79 19
20180702 135602 34 6 67 16
20180702 135603 38 9 83 24
20180702 135604 27 9 72 18
20180702 135605 34 12 66 17
20180702 135606 33 6 77 20
20180702 135607 35 8 84 27
20180702 135608 33 6 72 18
20180702 135609 33 11 75 18
20180702 135610 27 10 85 20
20180702 135611 35 5 67 12
20180702 135612 28 6 72 15
20180702 135613 39 8 68 24
20180702 135614 36 9 69 23
20180702 135615 34 14 70 22
20180702 135616 36 6 77 19
20180702 135617 36 10 78 23
20180702 135618 26 8 76 26
20180702 135619 38 15 80 17
20180702 135620 28 12 71 20
20180702 135621 36 11 84 22
20180702 135622 35 11 83 25
20180702 135623 34 7 76 22
20180702 135624 30 10 75 22
20180702 135625 28 13 75 26
20180702 135626 41 13 70 29
20180702 135628 32 11 86 23
20180702 135629 35 9 88 19
20180702 135630 40 6 80 24
20180702 135631 32 5 72 21
20180702 135632 30 10 84 18
20180702 135633 33 7 74 21
20180702 135634 28 9 74 17
20180702 135635 27 8 73 19
20180702 135636 39 12 68 19
20180702 135637 26 13 71 21
20180702 135638 32 8 76 32
20180702 135639 30 15 81 20
20180702 135640 30 5 80 23
20180702 135641 26 3 75 25
20180702 135642 38 13 78 23
20180702 135643 25 11 86 23
20180702 135644 37 9 93 24
20180702 135645 26 7 79 23
20180702 135646 32 3 91 26
20180702 135647 39 7 81 26
20180702 135648 28 8 76 16
20180702 135649 26 8 70 24
20180702 135650 35 9 79 26
20180702 135651 32 5 75 16
20180702 135652 35 8 74 17
20180702 135653 39 11 70 15
20180702 135654 31 2 75 23
20180702 135655 31 7 64 22
20180702 135656 32 12 77 27
20180702 135657 33 5 66 27
20180702 135658 37 6 67 17
20180702 135659 36 16 75 29
20180702 135700 35 11 82 24
20180702 135701 32 4 78 28
20180702 135702 38 11 70 20
20180702 135703 35 18 80 22
20180702 135704 41 4 69 21
20180702 135705 33 8 82 21
20180702 135706 31 6 72 23
20180702 135708 32 5 74 21
20180702 135709 33 5 85 21
20180702 135710 32 12 70 20
20180702 135711 34 10 80 27
20180702 135712 39 6 83 28
20180702 135713 29 11 78 18
20180702 135714 36 7 76 20
20180702 135715 32 8 75 19
20180702 135716 34 9 79 19
20180702 135717 33 11 68 25
20180702 135718 29 9 80 22
20180702 135719 38 16 68 26
20180702 135720 35 12 82 16
20180702 135721 34 6 69 21
20180702 135722 36 4 88 22
20180702 135723 30 5 81 14
20180702 135724 35 12 89 25
20180702 135725 29 5 79 17
20180702 135726 38 4 70 14
20180702 135727 34 7 84 23
20180702 135728 27 6 77 18
20180702 135729 35 14 81 20
20180702 135730 32 9 78 25
20180702 135731 27 11 80 19
20180702 135732 39 13 76 14
20180702 135733 31 12 75 15
20180702 135734 34 7 69 20
20180702 135735 36 14 75 24
20180702 135736 28 10 71 23
20180702 135737 33 5 77 19
20180702 135738 35 15 85 17
20180702 135739 38 14 72 21
20180702 135740 30 8 80 24
20180702 135741 30 9 73 24
20180702 135742 37 2 80 18
20180702 135743 34 6 79 19
20180702 135744 28 8 84 21
20180702 135745 30 7 91 19
20180702 135746 27 10 73 16
20180702 135748 24 10 72 18
20180702 135749 28 8 86 24
20180702 135750 28 1 73 20
20180702 135751 27 6 84 22
20180702 135752 42 13 75 22
20180702 135753 28 7 92 29
20180702 135754 29 3 70 25
20180702 135755 31 10 80 23
20180702 135756 37 8 93 28
20180702 135757 39 7 75 27
20180702 135758 26 4 87 24
20180702 135759 34 7 75 20
20180702 135800 31 13 78 23
20180702 135801 37 13 79 25
20180702 135802 27 8 74 20
20180702 135803 33 8 73 24
20180702 135804 38 13 66 21
20180702 135805 32 2 79 27
20180702 135806 36 7 84 24
20180702 135807 31 7 76 30
20180702 135808 31 11 80 30
20180702 135809 32 4 86 28
20180702 135810 31 10 75 21
20180702 135811 35 2 79 23
20180702 135812 33 11 77 18
20180702 135813 32 7 76 22
20180702 135814 35 3 77 22
20180702 135815 34 12 73 22
20180702 135816 32 9 85 24
20180702 135817 32 2 77 18
20180702 135818 31 1 89 13
20180702 135819 43 14 90 25
20180702 135820 32 5 80 21
20180702 135821 35 7 77 21
20180702 135822 32 9 69 24
20180702 135823 28 10 81 19
20180702 135824 30 7 83 21
20180702 135825 35 9 75 19
20180702 135827 27 5 66 26
20180702 135828 36 0 77 19
20180702 135829 29 9 80 24
20180702 135830 36 6 80 19
20180702 135831 28 10 86 22
20180702 135832 40 10 70 30
20180702 135833 35 9 68 22
20180702 135834 40 9 80 17
20180702 135835 28 0 80 18
20180702 135836 30 10 63 26
20180702 135837 30 10 72 21
20180702 135838 39 5 73 21
20180702 135839 34 4 73 16
20180702 135840 31 10 78 23
20180702 135841 29 8 76 15
20180702 135842 32 5 81 28
20180702 135843 28 9 82 25
20180702 135844 37 5 78 24
20180702 135845 34 6 73 30
20180702 135846 36 13 88 27
20180702 135847 32 5 79 17
20180702 135848 34 4 72 19
20180702 135849 33 8 69 27
20180702 135850 34 10 77 20
20180702 135851 28 8 84 20
20180702 135852 24 10 81 24
20180702 135853 32 7 76 24
20180702 135854 37 10 76 22
20180702 135855 32 14 83 21
20180702 135856 32 9 76 23
20180702 135857 29 9 77 18
20180702 135858 28 11 80 22
20180702 135859 33 8 87 18
20180702 135900 35 8 72 30
20180702 135901 44 4 68 26
20180702 135902 32 9 76 26
20180702 135903 30 13 79 20
20180702 135904 28 9 72 30
20180702 135905 38 7 78 24
20180702 135907 34 6 87 23
20180702 135908 32 5 75 18
20180702 135909 34 4 68 23
20180702 135910 34 6 74 17
20180702 135911 29 6 91 18
20180702 135912 37 10 77 23
20180702 135913 34 7 75 19
20180702 135914 28 8 77 27
20180702 135915 29 8 76 25
20180702 135916 27 5 70 17
20180702 135917 40 5 79 18
20180702 135918 33 8 71 20
20180702 135919 31 7 84 24
20180702 135920 31 6 86 20
20180702 135921 29 5 71 22
20180702 135922 36 10 66 26
20180702 135923 38 8 78 27
20180702 135924 32 6 82 25
20180702 135925 34 6 77 19
20180702 135926 34 16 76 23
20180702 135927 25 7 78 19
20180702 135928 32 3 81 27
20180702 135929 35 10 87 19
20180702 135930 36 14 84 28
20180702 135931 37 13 89 22
20180702 135932 32 11 79 23
20180702 135933 31 12 74 29
20180702 135934 30 9 71 21
20180702 135935 39 10 79 15
20180702 135936 29 4 73 18
20180702 135937 36 3 82 19
20180702 135938 30 8 73 16
20180702 135939 33 7 76 18
20180702 135940 37 9 82 32
20180702 135941 36 11 86 23
20180702 135942 32 4 79 26
20180702 135943 35 12 71 22
20180702 135944 38 6 74 21
20180702 135946 33 7 69 21
20180702 135947 32 5 73 30
20180702 135948 32 5 69 21
20180702 135949 37 13 84 20
20180702 135950 31 11 66 19
20180702 135951 28 11 85 14
20180702 135952 30 5 86 19
20180702 135953 31 5 77 20
20180702 135954 31 9 63 17
20180702 135955 27 9 72 23
20180702 135956 40 12 70 26
20180702 135957 35 7 70 15
20180702 135958 31 5 90 15
20180702 135959 34 3 70 18
20180702 140000 29 10 80 25
20180702 140001 35 5 80 27
20180702 140002 29 10 75 17
20180702 140003 28 2 73 19
20180702 140004 35 13 80 15
20180702 140005 31 5 75 12
20180702 140006 30 11 74 22
20180702 140007 32 7 67 23
20180702 140008 29 6 81 24
20180702 140009 24 6 72 25
20180702 140010 37 8 69 19
20180702 140011 34 2 70 19
20180702 140012 35 6 80 23
20180702 140013 22 4 90 17
20180702 140014 38 5 71 22
20180702 140015 26 8 84 18
20180702 140016 30 11 78 20
20180702 140017 36 16 85 27
20180702 140018 42 6 68 20
20180702 140019 31 9 92 14
20180702 140020 32 9 78 17
20180702 140021 30 8 69 27
20180702 140022 35 6 66 25
20180702 140023 40 11 73 24
20180702 140024 29 15 84 21
20180702 140026 34 7 65 26
20180702 140027 28 6 83 29
20180702 140028 29 6 69 17
20180702 140029 25 8 80 19
20180702 140030 30 6 86 13
20180702 140031 42 11 76 16
20180702 140032 41 8 82 23
20180702 140033 31 7 65 22
20180702 140034 31 4 87 22
20180702 140035 36 7 89 12
20180702 140036 31 4 89 28
20180702 140037 35 8 92 26
20180702 140038 30 9 73 27
20180702 140039 28 15 84 19
20180702 140040 40 9 80 26
20180702 140041 31 7 78 22
20180702 140042 29 6 71 23
20180702 140043 39 9 84 27
20180702 140044 35 7 83 23
20180702 140045 37 6 64 25
20180702 140046 40 4 78 22
20180702 140047 25 4 78 20
20180702 140048 34 8 77 18
20180702 140049 45 6 77 21
20180702 140050 27 5 74 31
20180702 140051 26 11 76 14
20180702 140052 33 9 78 21
20180702 140053 35 11 83 16
20180702 140054 32 14 76 20
20180702 140055 28 7 73 26
20180702 140056 30 4 80 21
20180702 140057 36 8 70 19
20180702 140058 32 2 83 27
20180702 140059 33 12 75 19
20180702 140100 28 5 74 23
20180702 140101 26 7 74 25
20180702 140102 32 7 80 26
20180702 140103 33 9 73 24
20180702 140104 37 7 73 25
20180702 140106 28 7 75 25
20180702 140107 37 4 75 26
20180702 140108 26 6 66 26
20180702 140109 35 11 74 24
20180702 140110 32 9 76 15
20180702 140111 30 12 68 22
20180702 140112 32 8 92 24
20180702 140113 27 6 65 27
20180702 140114 28 9 79 18
20180702 140115 43 9 76 21
20180702 140116 34 11 89 15
20180702 140117 30 10 92 24
20180702 140118 31 8 88 28
20180702 140119 29 16 70 23
20180702 140120 35 9 70 28
20180702 140121 28 8 76 29
20180702 140122 33 13 80 26
20180702 140123 28 7 80 24
20180702 140124 35 8 79 23
20180702 140125 27 14 79 27
20180702 140126 38 5 69 18
20180702 140127 32 10 79 21
20180702 140128 43 6 88 20
20180702 140129 29 5 81 14
20180702 140130 36 4 73 13
20180702 140131 35 9 85 18
20180702 140132 37 12 85 22
20180702 140133 34 9 73 23
20180702 140134 35 6 74 21
20180702 140135 37 8 80 18
20180702 140136 25 5 80 20
20180702 140137 44 5 79 16
20180702 140138 35 8 76 20
20180702 140139 40 8 73 15
20180702 140140 32 8 76 30
20180702 140141 37 11 74 21
20180702 140142 27 11 81 19
20180702 140143 35 8 73 19
20180702 140145 33 17 64 22
20180702 140146 34 7 76 23
20180702 140147 42 11 81 24
20180702 140148 33 14 74 19
20180702 140149 32 8 89 24
20180702 140150 30 5 81 23
20180702 140151 30 10 71 21
20180702 140152 35 12 69 17
20180702 140153 34 10 80 18
20180702 140154 31 6 70 21
20180702 140155 35 12 74 22
20180702 140156 42 13 73 27
20180702 140157 30 6 64 19
20180702 140158 31 10 80 25
20180702 140159 33 8 74 27
20180702 140200 28 11 71 15
20180702 140201 32 9 86 20
20180702 140202 35 4 67 19
20180702 140203 34 13 70 16
20180702 140204 38 2 72 16
20180702 140205 35 8 79 20
20180702 140206 31 14 73 21
20180702 140207 33 10 71 24
20180702 140208 24 7 70 18
20180702 140209 27 9 76 18
20180702 140210 31 7 78 30
20180702 140211 39 5 93 25
20180702 140212 28 7 76 23
20180702 140213 35 5 76 22
20180702 140214 35 3 74 18
20180702 140215 31 4 88 13
20180702 140216 29 9 74 17
20180702 140217 29 12 76 15
20180702 140218 30 14 91 23
20180702 140219 29 8 77 20
20180702 140220 27 10 74 20
20180702 140221 33 13 89 23
20180702 140222 30 9 74 22
20180702 140223 32 10 76 26
20180702 140225 35 5 95 24
20180702 140226 41 18 74 16
20180702 140227 38 4 80 20
20180702 140228 34 8 72 24
20180702 140229 34 7 68 17
20180702 140230 29 10 70 23
20180702 140231 36 7 73 21
20180702 140232 34 12 72 26
20180702 140233 36 12 74 27
20180702 140234 25 6 78 18
20180702 140235 35 8 82 22
20180702 140236 26 11 83 26
20180702 140237 36 8 77 22
20180702 140238 29 7 72 29
20180702 140239 36 7 63 17
20180702 140240 28 3 76 13
20180702 140241 39 14 70 19
20180702 140242 34 5 74 25
20180702 140243 32 15 74 17
20180702 140244 30 6 87 29
20180702 140245 37 2 78 24
20180702 140246 32 13 88 19
20180702 140247 41 11 89 22
20180702 140248 34 8 72 18
20180702 140249 31 8 80 20
20180702 140250 36 13 79 20
20180702 140251 27 13 74 32
20180702 140252 27 3 78 22
20180702 140253 39 5 82 13
20180702 140254 34 4 78 26
20180702 140255 38 8 64 17
20180702 140256 36 8 69 26
20180702 140257 37 14 74 16
20180702 140258 24 6 68 25
20180702 140259 26 6 67 28
20180702 140300 34 8 82 14
20180702 140301 35 11 85 29
20180702 140302 30 9 83 26
20180702 140303 33 9 82 20
20180702 140305 34 7 76 26
20180702 140306 27 5 68 20
20180702 140307 38 13 77 17
20180702 140308 31 13 73 23
20180702 140309 43 7 76 22
20180702 140310 34 10 76 16
20180702 140311 34 8 78 29
20180702 140312 32 12 84 23
20180702 140313 27 9 80 26
20180702 140314 30 8 71 23
20180702 140315 35 8 79 19
20180702 140316 29 6 85 23
20180702 140317 43 6 79 29
20180702 140318 29 5 76 21
20180702 140319 29 9 71 22
20180702 140320 27 9 69 14
20180702 140321 42 1 87 21
20180702 140322 32 10 81 21
20180702 140323 36 8 85 22
20180702 140324 33 12 89 24
20180702 140325 38 8 75 26
20180702 140326 33 7 81 20
20180702 140327 32 13 77 14
20180702 140328 33 5 74 24
20180702 140329 38 10 75 23
20180702 140330 28 4 76 14
20180702 140331 33 10 68 30
20180702 140332 31 12 77 23
20180702 140333 31 6 73 21
20180702 140334 31 10 69 23
20180702 140335 34 6 86 18
20180702 140336 39 11 74 21
20180702 140337 33 9 71 19
20180702 140338 32 6 87 17
20180702 140339 40 7 78 22
20180702 140340 30 7 79 23
20180702 140341 36 8 79 24
20180702 140342 34 8 69 13
20180702 140344 42 4 79 30
20180702 140345 36 15 87 17
20180702 140346 41 11 76 27
20180702 140347 35 3 80 20
20180702 140348 26 11 74 21
20180702 140349 30 5 83 29
20180702 140350 31 9 84 24
20180702 140351 32 8 76 20
20180702 140352 29 12 79 18
20180702 140353 39 7 73 22
20180702 140354 28 7 82 21
20180702 140355 33 14 66 15
20180702 140356 28 10 78 25
20180702 140357 30 10 74 29
20180702 140358 36 8 80 21
20180702 140359 30 8 72 24
20180702 140400 24 8 74 19
20180702 140401 42 6 73 26
20180702 140402 28 12 84 24
20180702 140403 33 8 78 27
20180702 140404 33 7 79 22
20180702 140405 44 6 75 27
20180702 140406 39 13 82 24
20180702 140407 31 5 79 25
20180702 140408 36 13 82 19
20180702 140409 34 6 77 26
20180702 140410 36 14 87 18
20180702 140411 39 7 71 23
20180702 140412 42 7 68 26
20180702 140413 44 13 80 24
20180702 140414 34 8 83 28
20180702 140415 36 7 82 29
20180702 140416 38 13 76 27
20180702 140417 30 6 74 17
20180702 140418 30 10 74 25
20180702 140419 31 12 84 20
20180702 140420 29 9 92 16
20180702 140421 45 11 69 28
20180702 140422 34 8 80 21
20180702 140424 45 11 78 26
20180702 140425 32 2 70 19
20180702 140426 33 0 86 29
20180702 140427 35 14 73 22
20180702 140428 34 2 79 25
20180702 140429 42 14 76 25
20180702 140430 34 15 89 12
20180702 140431 35 9 74 20
20180702 140432 34 4 83 24
20180702 140433 36 2 74 18
20180702 140434 30 13 78 22
20180702 140435 34 7 80 16
20180702 140436 28 10 80 26
20180702 140437 28 11 83 26
20180702 140438 34 3 79 20
20180702 140439 37 4 69 19
20180702 140440 41 9 74 20
20180702 140441 27 7 74 23
20180702 140442 35 8 82 19
20180702 140443 29 7 84 21
20180702 140444 28 12 75 20
20180702 140445 36 7 83 23
20180702 140446 30 10 81 31
20180702 140447 26 9 88 18
20180702 140448 30 6 75 20
20180702 140449 29 12 69 24
20180702 140450 31 10 83 25
20180702 140451 36 11 74 26
20180702 140452 34 8 70 23
20180702 140453 37 13 83 19
20180702 140454 31 15 71 14
20180702 140455 34 16 82 21
20180702 140456 34 10 74 14
20180702 140457 29 13 82 22
20180702 140458 35 12 71 26
20180702 140459 33 13 83 21
20180702 140500 30 6 81 27
20180702 140501 34 12 77 26
20180702 140503 28 13 66 18
20180702 140504 40 10 78 16
20180702 140505 31 3 70 16
20180702 140506 37 7 73 29
20180702 140507 28 8 83 27
20180702 140508 30 8 73 21
20180702 140509 32 9 83 23
20180702 140510 26 5 82 13
20180702 140511 34 11 84 15
20180702 140512 26 6 68 21
20180702 140513 35 7 91 22
20180702 140514 33 8 71 29
20180702 140515 25 7 81 17
20180702 140516 27 7 76 28
20180702 140517 31 4 75 32
20180702 140518 37 8 87 22
20180702 140519 33 9 68 19
20180702 140520 41 7 75 22
20180702 140521 31 7 75 17
20180702 140522 39 9 71 25
20180702 140523 39 7 79 21
20180702 140524 36 0 71 19
20180702 140525 37 12 70 25
20180702 140526 41 11 72 20
20180702 140527 28 1 66 17
20180702 140528 27 5 75 20
20180702 140529 34 7 78 17
20180702 140530 27 14 86 21
20180702 140531 36 8 66 18
20180702 140532 31 9 67 21
20180702 140533 44 12 80 22
20180702 140534 36 13 73 25
20180702 140535 41 6 77 21
20180702 140536 40 4 73 20
20180702 140537 28 15 76 27
20180702 140538 27 9 74 26
20180702 140539 30 4 80 25
20180702 140540 30 9 79 19
20180702 140541 33 9 72 19
20180702 140543 37 12 74 28
20180702 140544 31 7 84 19
20180702 140545 28 8 74 20
20180702 140546 23 9 76 19
20180702 140547 33 15 76 20
20180702 140548 35 6 80 21
20180702 140549 30 11 75 21
20180702 140550 29 8 85 24
20180702 140551 35 14 64 20
20180702 140552 33 3 73 23
20180702 140553 30 12 86 24
20180702 140554 34 14 75 21
20180702 140555 34 7 73 21
20180702 140556 38 10 73 19
20180702 140557 32 9 78 21
20180702 140558 28 11 80 14
20180702 140559 35 3 67 23
20180702 140600 31 14 72 20
20180702 140601 37 3 74 24
20180702 140602 33 5 72 28
20180702 140603 30 8 69 24
20180702 140604 33 5 71 19
20180702 140605 30 4 71 14
20180702 140606 32 5 87 24
20180702 140607 33 9 70 21
20180702 140608 32 7 83 22
20180702 140609 34 9 73 23
20180702 140610 36 6 76 23
20180702 140611 42 7 81 24
20180702 140612 27 11 79 17
20180702 140613 33 11 85 26
20180702 140614 32 10 77 32
20180702 140615 33 5 80 18
20180702 140616 32 6 77 18
20180702 140617 28 15 80 23
20180702 140618 36 9 92 17
20180702 140619 34 8 79 24
20180702 140620 32 10 90 27
20180702 140622 32 7 83 24
20180702 140623 31 10 83 19
20180702 140624 43 6 87 27
20180702 140625 36 7 68 20
20180702 140626 42 9 69 21
20180702 140627 31 11 86 23
20180702 140628 30 5 67 17
20180702 140629 33 7 86 21
20180702 140630 35 14 66 19
20180702 140631 33 11 89 23
20180702 140632 31 14 82 23
20180702 140633 29 7 79 18
20180702 140634 33 8 88 19
20180702 140635 31 13 75 18
20180702 140636 32 11 94 21
20180702 140637 33 9 78 20
20180702 140638 26 7 81 22
20180702 140639 29 7 71 23
20180702 140640 25 7 83 22
20180702 140641 38 9 69 20
20180702 140642 37 12 81 21
20180702 140643 33 8 78 18
20180702 140644 30 8 80 20
20180702 140645 35 3 76 33
20180702 140646 30 12 76 18
20180702 140647 28 6 80 16
20180702 140648 34 9 80 20
20180702 140649 31 12 70 27
20180702 140650 38 9 89 19
20180702 140651 34 12 63 21
20180702 140652 30 9 79 28
20180702 140653 35 8 73 13
20180702 140654 36 2 77 26
20180702 140655 24 11 72 21
20180702 140656 33 15 72 21
20180702 140657 34 9 72 15
20180702 140658 32 3 75 17
20180702 140659 29 11 76 30
20180702 140700 36 12 72 18
20180702 140702 30 14 85 29
20180702 140703 40 13 85 23
20180702 140704 38 7 81 14
20180702 140705 35 0 63 20
20180702 140706 28 6 69 15
20180702 140707 33 11 89 22
20180702 140708 43 9 81 22
20180702 140709 37 11 76 15
20180702 140710 32 5 76 15
20180702 140711 32 9 75 19
20180702 140712 42 12 79 15
20180702 140713 32 11 71 27
20180702 140714 35 7 78 22
20180702 140715 30 4 82 15
20180702 140716 42 7 78 27
20180702 140717 34 9 85 27
20180702 140718 31 9 74 28
20180702 140719 36 9 77 25
20180702 140720 31 8 64 18
20180702 140721 33 10 73 24
20180702 140722 37 15 78 23
20180702 140723 31 8 73 21
20180702 140724 33 8 81 19
20180702 140725 28 5 79 28
20180702 140726 35 11 76 18
20180702 140727 31 13 83 18
20180702 140728 32 6 85 23
20180702 140729 28 9 73 16
20180702 140730 31 9 86 28
20180702 140731 44 10 75 26
20180702 140732 26 11 66 24
20180702 140733 31 12 78 19
20180702 140734 37 9 88 25
20180702 140735 28 13 76 31
20180702 140736 36 11 75 19
20180702 140737 35 6 81 20
20180702 140738 30 5 70 17
20180702 140739 23 13 79 22
20180702 140740 40 15 71 23
20180702 140742 31 7 86 21
20180702 140743 36 7 64 22
20180702 140744 39 11 78 21
20180702 140745 35 11 85 19
20180702 140746 34 8 89 29
20180702 140747 37 7 76 20
20180702 140748 31 11 78 18
20180702 140749 35 10 71 18
20180702 140750 37 9 69 15
20180702 140751 37 12 73 25
20180702 140752 30 8 77 17
20180702 140753 30 8 85 20
20180702 140754 36 8 84 17
20180702 140755 32 5 75 26
20180702 140756 29 11 73 26
20180702 140757 40 12 71 20
20180702 140758 29 9 78 19
20180702 140759 34 10 80 13
20180702 140800 27 7 75 15
20180702 140801 32 7 77 28
20180702 140802 33 9 85 14
20180702 140803 32 5 75 18
20180702 140804 44 10 75 19
20180702 140805 34 7 75 17
20180702 140806 33 10 81 18
20180702 140807 32 6 81 20
20180702 140808 34 8 83 23
20180702 140809 28 8 77 25
20180702 140810 30 11 79 25
20180702 140811 30 8 75 17
20180702 140812 33 12 85 19
20180702 140813 27 10 71 19
20180702 140814 34 7 76 15
20180702 140815 34 9 76 17
20180702 140816 30 10 79 19
20180702 140817 29 12 80 22
20180702 140818 32 15 81 26
20180702 140819 31 7 75 29
20180702 140821 36 5 72 18
20180702 140822 33 6 75 28
20180702 140823 35 9 81 25
20180702 140824 31 8 84 18
20180702 140825 37 7 76 28
20180702 140826 35 4 82 24
20180702 140827 31 5 80 29
20180702 140828 29 9 83 24
20180702 140829 31 10 67 26
20180702 140830 35 7 90 22
20180702 140831 33 9 82 19
20180702 140832 39 13 68 24
20180702 140833 34 8 74 18
20180702 140834 33 9 71 17
20180702 140835 27 6 78 26
20180702 140836 36 6 77 23
20180702 140837 40 11 89 22
20180702 140838 33 7 87 21
20180702 140839 37 9 71 23
20180702 140840 30 12 80 19
20180702 140841 40 6 70 30
20180702 140842 35 4 72 24
20180702 140843 31 14 71 17
20180702 140844 32 12 68 15
20180702 140845 40 7 68 15
20180702 140846 32 6 74 24
20180702 140847 42 8 76 23
20180702 140848 35 13 79 15
20180702 140849 37 7 68 21
20180702 140850 26 7 89 24
20180702 140851 38 10 71 24
20180702 140852 37 5 72 25
20180702 140853 38 4 74 20
20180702 140854 40 7 81 20
20180702 140855 33 4 89 20
20180702 140856 27 10 81 26
20180702 140857 32 12 69 22
20180702 140858 37 10 88 18
20180702 140859 30 8 72 19
20180702 140901 40 14 80 24
20180702 140902 37 11 78 14
20180702 140903 32 8 83 23
20180702 140904 35 6 70 21
20180702 140905 34 6 68 17
20180702 140906 36 11 89 19
20180702 140907 35 11 89 16
20180702 140908 33 9 66 19
20180702 140909 31 7 85 20
20180702 140910 32 9 75 21
20180702 140911 38 11 81 19
20180702 140912 30 10 71 20
20180702 140913 36 11 85 16
20180702 140914 36 7 93 27
20180702 140915 38 8 71 28
20180702 140916 42 7 85 23
20180702 140917 29 7 69 23
20180702 140918 36 6 79 21
20180702 140919 31 8 78 20
20180702 140920 36 5 67 29
20180702 140921 27 7 76 28
20180702 140922 28 8 78 18
20180702 140923 31 14 89 17
20180702 140924 39 6 79 22
20180702 140925 29 6 83 24
20180702 140926 41 4 77 16
20180702 140927 30 12 71 19
20180702 140928 41 10 68 23
20180702 140929 28 8 84 21
20180702 140930 34 10 67 25
20180702 140931 32 7 80 25
20180702 140932 36 6 82 24
20180702 140933 32 8 75 20
20180702 140934 34 10 80 21
20180702 140935 34 8 70 21
20180702 140936 43 10 67 24
20180702 140937 38 11 77 18
20180702 140938 37 7 72 26
20180702 140939 27 6 82 16
20180702 140941 27 11 71 20
20180702 140942 37 4 78 20
20180702 140943 30 12 82 16
20180702 140944 28 5 82 15
20180702 140945 33 1 67 32
20180702 140946 36 6 83 27
20180702 140947 34 6 74 22
20180702 140948 31 11 85 17
20180702 140949 37 9 84 24
20180702 140950 30 7 76 21
20180702 140951 33 8 87 24
20180702 140952 34 13 73 29
20180702 140953 33 2 78 26
20180702 140954 25 7 74 19
20180702 140955 32 8 72 24
20180702 140956 28 9 71 24
20180702 140957 27 8 71 18
20180702 140958 37 7 75 24
20180702 140959 34 8 73 22
20180702 141000 32 1 78 24
20180702 141001 31 0 71 24
20180702 141002 43 3 85 22
20180702 141003 29 3 71 17
20180702 141004 36 11 76 26
20180702 141005 37 8 77 22
20180702 141006 36 13 69 22
20180702 141007 39 10 68 21
20180702 141008 35 8 73 14
20180702 141009 30 10 78 30
20180702 141010 28 6 70 19
20180702 141011 31 8 74 15
20180702 141012 32 9 80 27
20180702 141013 30 11 74 18
20180702 141014 29 12 80 21
20180702 141015 35 4 65 25
20180702 141016 39 13 63 16
20180702 141017 29 8 80 19
20180702 141018 30 6 82 20
20180702 141020 35 15 75 23
20180702 141021 40 15 77 20
20180702 141022 32 8 71 23
20180702 141023 35 4 71 15
20180702 141024 29 4 69 24
20180702 141025 31 6 67 23
20180702 141026 36 5 77 21
20180702 141027 31 11 86 27
20180702 141028 35 8 78 21
20180702 141029 39 5 73 24
20180702 141030 35 4 79 21
20180702 141031 33 7 74 23
20180702 141032 27 8 76 22
20180702 141033 31 9 77 23
20180702 141034 33 10 71 29
20180702 141035 31 6 83 26
20180702 141036 30 8 69 18
20180702 141037 29 11 70 30
20180702 141038 32 8 85 14
20180702 141039 34 3 68 20
20180702 141040 29 7 86 18
20180702 141041 38 7 65 26
20180702 141042 30 12 78 17
20180702 141043 37 7 78 21
20180702 141044 31 12 83 26
20180702 141045 40 8 82 23
20180702 141046 33 7 78 17
20180702 141047 35 2 86 21
20180702 141048 29 3 75 19
20180702 141049 30 12 78 20
20180702 141050 39 11 85 27
20180702 141051 34 9 74 23
20180702 141052 39 6 87 27
20180702 141053 30 8 69 20
20180702 141054 30 12 81 21
20180702 141055 31 8 71 15
20180702 141056 31 8 90 16
20180702 141057 35 14 69 21
20180702 141058 35 9 83 25
20180702 141100 39 9 72 27
20180702 141101 32 15 79 23
20180702 141102 28 8 78 23
20180702 141103 39 8 76 20
20180702 141104 39 8 77 24
20180702 141105 31 9 71 20
20180702 141106 35 9 79 24
20180702 141107 33 10 80 21
20180702 141108 38 7 80 21
20180702 141109 37 9 76 18
20180702 141110 39 9 82 25
20180702 141111 35 10 76 17
20180702 141112 41 6 89 23
20180702 141113 41 3 84 21
20180702 141114 33 11 89 20
20180702 141115 42 5 80 27
20180702 141116 30 12 72 12
20180702 141117 31 8 70 21
20180702 141118 32 7 88 28
20180702 141119 37 8 79 28
20180702 141120 35 8 78 14
20180702 141121 40 12 78 23
20180702 141122 30 3 77 20
20180702 141123 31 8 75 27
20180702 141124 28 6 71 17
20180702 141125 30 12 86 19
20180702 141126 36 11 82 25
20180702 141127 33 10 71 23
20180702 141128 30 9 82 24
20180702 141129 35 6 79 28
20180702 141130 32 7 66 27
20180702 141131 30 4 63 22
20180702 141132 29 12 78 25
20180702 141133 35 7 71 24
20180702 141134 29 8 76 25
20180702 141135 35 6 84 26
20180702 141136 43 11 79 23
20180702 141137 32 9 84 17
20180702 141138 33 10 77 20
20180702 141140 34 5 78 17
20180702 141141 29 12 82 26
20180702 141142 36 13 69 27
20180702 141143 37 6 73 12
20180702 141144 38 13 73 25
20180702 141145 30 10 88 20
20180702 141146 28 10 76 22
20180702 141147 32 6 81 22
20180702 141148 39 5 71 21
20180702 141149 30 6 75 30
20180702 141150 27 7 78 25
20180702 141151 32 7 83 22
20180702 141152 32 2 85 20
20180702 141153 30 6 83 28
20180702 141154 36 10 75 22
20180702 141155 37 6 69 30
20180702 141156 36 13 78 29
20180702 141157 28 8 73 22
20180702 141158 31 5 82 21
20180702 141159 40 1 92 25
20180702 141200 39 7 67 25
20180702 141201 35 9 76 18
20180702 141202 37 8 77 20
20180702 141203 29 11 80 17
20180702 141204 36 9 80 20
20180702 141205 29 8 73 22
20180702 141206 27 11 79 27
20180702 141207 30 6 75 29
20180702 141208 29 5 64 18
20180702 141209 29 5 71 17
20180702 141210 37 11 74 25
20180702 141211 33 9 74 17
20180702 141212 31 9 85 15
20180702 141213 39 15 70 21
20180702 141214 23 9 79 23
20180702 141215 31 9 81 24
20180702 141216 30 7 67 19
20180702 141217 44 9 85 21
20180702 141219 27 8 74 14
20180702 141220 37 8 80 21
20180702 141221 37 8 77 14
20180702 141222 26 8 79 24
20180702 141223 36 10 79 23
20180702 141224 37 11 75 19
20180702 141225 38 7 79 23
20180702 141226 31 8 84 15
20180702 141227 29 2 75 17
20180702 141228 30 7 81 30
20180702 141229 28 11 74 29
20180702 141230 25 9 85 21
20180702 141231 35 16 81 19
20180702 141232 32 7 73 19
20180702 141233 25 10 80 15
20180702 141234 27 9 81 17
20180702 141235 38 9 68 27
20180702 141236 31 8 82 20
20180702 141237 43 5 80 26
20180702 141238 37 10 70 20
20180702 141239 33 11 73 16
20180702 141240 29 6 74 19
20180702 141241 31 9 76 20
20180702 141242 33 10 83 18
20180702 141243 34 13 76 23
20180702 141244 36 4 86 19
20180702 141245 27 12 77 28
20180702 141246 37 12 83 15
20180702 141247 32 6 78 26
20180702 141248 25 9 84 18
20180702 141249 32 9 81 28
20180702 141250 32 13 71 19
20180702 141251 37 11 72 20
20180702 141252 33 9 64 23
20180702 141253 28 8 82 17
20180702 141254 34 11 83 29
20180702 141255 36 3 79 14
20180702 141256 31 8 78 20
20180702 141257 30 12 80 22
20180702 141259 36 9 74 20
20180702 141300 31 9 70 27
20180702 141301 37 9 71 23
20180702 141302 31 6 88 19
20180702 141303 32 10 84 14
20180702 141304 31 6 81 23
20180702 141305 26 11 77 21
20180702 141306 35 8 72 23
20180702 141307 29 9 79 20
20180702 141308 28 7 79 12
20180702 141309 32 10 70 30
20180702 141310 28 15 86 22
20180702 141311 34 11 71 19
20180702 141312 35 6 81 25
20180702 141313 36 5 88 18
20180702 141314 27 12 73 21
20180702 141315 37 7 74 20
20180702 141316 41 14 72 24
20180702 141317 40 5 76 20
20180702 141318 33 3 83 19
20180702 141319 35 9 73 31
20180702 141320 35 8 81 24
20180702 141321 36 8 79 21
20180702 141322 33 9 76 22
20180702 141323 36 11 71 22
20180702 141324 31 10 67 18
20180702 141325 37 7 82 28
20180702 141326 36 2 75 16
20180702 141327 30 13 69 23
20180702 141328 32 12 85 22
20180702 141329 36 6 74 18
20180702 141330 35 16 93 24
20180702 141331 37 8 67 27
20180702 141332 33 11 79 20
20180702 141333 33 12 64 21
20180702 141334 34 8 68 20
20180702 141335 36 4 77 23
20180702 141336 40 9 66 18
20180702 141338 30 10 80 24
20180702 141339 35 15 75 24
20180702 141340 36 9 85 25
20180702 141341 31 9 75 27
20180702 141342 44 10 78 21
20180702 141343 34 8 75 23
20180702 141344 28 13 71 24
20180702 141345 34 9 81 21
20180702 141346 29 3 72 21
20180702 141347 28 8 71 19
20180702 141348 38 11 78 32
20180702 141349 41 6 82 26
20180702 141350 34 3 85 19
20180702 141351 27 7 88 24
20180702 141352 29 4 73 25
20180702 141353 27 6 81 23
20180702 141354 29 7 71 30
20180702 141355 27 1 67 21
20180702 141356 39 8 81 31
20180702 141357 34 12 70 16
20180702 141358 34 10 71 30
20180702 141359 28 12 84 23
20180702 141400 31 7 87 23
20180702 141401 37 11 86 19
20180702 141402 42 9 84 19
20180702 141403 38 10 76 20
20180702 141404 32 9 83 23
20180702 141405 37 10 76 12
20180702 141406 34 3 92 26
20180702 141407 32 10 71 26
20180702 141408 28 11 74 22
20180702 141409 32 9 74 18
20180702 141410 33 7 72 19
20180702 141411 33 6 76 20
20180702 141412 41 13 87 25
20180702 141413 38 9 80 21
20180702 141414 31 6 78 25
20180702 141415 34 6 66 25
20180702 141416 35 10 67 24
20180702 141418 27 12 73 21
20180702 141419 28 9 70 28
20180702 141420 34 8 72 20
20180702 141421 34 9 69 20
20180702 141422 30 8 71 25
20180702 141423 36 4 70 24
20180702 141424 30 7 89 24
20180702 141425 30 9 75 21
20180702 141426 35 9 77 15
20180702 141427 36 7 81 21
20180702 141428 29 15 74 19
20180702 141429 34 11 81 27
20180702 141430 34 7 80 20
20180702 141431 36 15 79 19
20180702 141432 30 9 75 27
20180702 141433 27 9 71 19
20180702 141434 37 8 75 23
20180702 141435 30 11 91 25
20180702 141436 39 9 76 20
20180702 141437 35 4 70 21
20180702 141438 32 8 79 20
20180702 141439 32 5 72 17
20180702 141440 27 10 83 18
20180702 141441 31 4 84 20
20180702 141442 40 6 79 22
20180702 141443 34 9 80 19
20180702 141444 33 4 78 24
20180702 141445 40 13 72 25
20180702 141446 32 8 80 26
20180702 141447 36 7 66 20
20180702 141448 34 8 77 24
20180702 141449 35 10 73 18
20180702 141450 34 3 66 24
20180702 141451 38 3 73 18
20180702 141452 29 8 72 28
20180702 141453 37 5 80 23
20180702 141454 34 9 68 20
20180702 141455 33 7 69 24
20180702 141456 29 8 81 17
20180702 141458 33 12 76 27
20180702 141459 34 3 74 18
20180702 141500 34 9 78 22
20180702 141501 35 10 76 14
20180702 141502 35 13 67 26
20180702 141503 27 11 81 16
20180702 141504 29 4 88 23
20180702 141505 39 13 76 24
20180702 141506 34 4 78 25
20180702 141507 29 9 84 24
20180702 141508 28 9 81 17
20180702 141509 36 11 68 24
20180702 141510 37 11 73 24
20180702 141511 30 11 75 18
20180702 141512 39 12 79 25
20180702 141513 27 13 71 23
20180702 141514 33 12 72 18
20180702 141515 30 11 72 25
20180702 141516 35 11 68 24
20180702 141517 39 12 79 26
20180702 141518 40 10 83 26
20180702 141519 36 5 65 29
20180702 141520 28 10 77 17
20180702 141521 38 10 84 18
20180702 141522 25 12 69 19
20180702 141523 32 6 74 17
20180702 141524 33 11 80 27
20180702 141525 29 8 78 24
20180702 141526 29 9 78 13
20180702 141527 35 6 78 26
20180702 141528 36 9 72 21
20180702 141529 28 7 79 18
20180702 141530 34 11 65 15
20180702 141531 35 1 78 20
20180702 141532 38 11 77 27
20180702 141533 41 14 71 18
20180702 141534 39 5 79 20
20180702 141535 33 8 72 24
20180702 141537 28 10 76 27
20180702 141538 35 9 80 18
20180702 141539 34 4 81 26
20180702 141540 32 9 76 20
20180702 141541 28 10 86 18
20180702 141542 32 2 66 22
20180702 141543 30 10 78 20
20180702 141544 31 5 77 27
20180702 141545 35 7 90 22
20180702 141546 29 7 63 27
20180702 141547 36 11 76 25
20180702 141548 32 10 78 23
20180702 141549 35 10 72 19
20180702 141550 35 13 75 24
20180702 141551 31 7 71 28
20180702 141552 36 13 84 21
20180702 141553 33 6 85 22
20180702 141554 32 1 76 21
20180702 141555 34 8 83 18
20180702 141556 30 9 71 22
20180702 141557 29 9 71 24
20180702 141558 32 5 83 19
20180702 141559 28 13 86 26
20180702 141600 37 7 70 18
20180702 141601 34 6 67 13
20180702 141602 26 10 66 22
20180702 141603 33 9 75 11
20180702 141604 24 12 66 14
20180702 141605 38 10 65 17
20180702 141606 37 11 76 15
20180702 141607 35 7 75 21
20180702 141608 46 10 72 27
20180702 141609 29 5 86 15
20180702 141610 37 8 75 16
20180702 141611 39 5 72 22
20180702 141612 35 11 73 30
20180702 141613 29 9 79 24
20180702 141614 37 12 77 20
20180702 141615 39 6 76 24
20180702 141617 33 15 76 27
20180702 141618 38 3 85 27
20180702 141619 27 5 87 15
20180702 141620 32 6 75 26
20180702 141621 27 7 81 24
20180702 141622 41 10 81 14
20180702 141623 35 6 69 18
20180702 141624 23 5 68 24
20180702 141625 25 8 80 21
20180702 141626 36 12 85 17
20180702 141627 24 8 76 22
20180702 141628 35 4 67 18
20180702 141629 33 7 73 21
20180702 141630 32 8 82 24
20180702 141631 28 12 78 23
20180702 141632 34 7 87 26
20180702 141633 36 11 84 29
20180702 141634 30 5 73 26
20180702 141635 38 7 76 16
20180702 141636 32 11 74 20
20180702 141637 36 9 73 19
20180702 141638 35 10 80 18
20180702 141639 35 9 73 25
20180702 141640 33 10 80 23
20180702 141641 32 8 75 20
20180702 141642 25 10 77 26
20180702 141643 27 14 85 18
20180702 141644 30 11 78 17
20180702 141645 35 9 69 22
20180702 141646 33 3 81 28
20180702 141647 35 17 70 17
20180702 141648 34 5 81 21
20180702 141649 36 8 81 19
20180702 141650 24 12 67 16
20180702 141651 35 7 74 19
20180702 141652 32 10 92 23
20180702 141653 29 3 79 25
20180702 141654 38 7 71 28
20180702 141655 28 5 67 21
20180702 141657 37 8 67 26
20180702 141658 32 8 80 19
20180702 141659 31 12 71 22
20180702 141700 29 10 77 15
20180702 141701 36 5 79 26
20180702 141702 30 7 82 20
20180702 141703 35 9 76 21
20180702 141704 30 6 81 21
20180702 141705 31 9 75 22
20180702 141706 29 9 81 26
20180702 141707 41 9 86 20
20180702 141708 36 14 81 25
20180702 141709 39 12 80 25
20180702 141710 33 4 65 24
20180702 141711 29 11 66 26
20180702 141712 31 9 70 27
20180702 141713 35 9 76 23
20180702 141714 34 10 79 24
20180702 141715 34 9 71 21
20180702 141716 35 1 78 17
20180702 141717 35 0 85 28
20180702 141718 34 15 74 25
20180702 141719 29 9 89 21
20180702 141720 33 7 83 12
20180702 141721 28 8 89 24
20180702 141722 43 6 79 16
20180702 141723 30 11 77 15
20180702 141724 39 8 71 24
20180702 141725 30 6 86 18
20180702 141726 31 8 83 21
20180702 141727 35 1 78 22
20180702 141728 36 10 78 26
20180702 141729 28 10 82 22
20180702 141730 26 7 71 18
20180702 141731 28 11 70 25
20180702 141732 32 13 72 23
20180702 141733 31 5 74 26
20180702 141734 34 11 74 16
20180702 141736 27 8 79 20
20180702 141737 38 6 78 16
20180702 141738 27 5 86 19
20180702 141739 34 9 73 23
20180702 141740 35 2 75 22
20180702 141741 37 6 72 26
20180702 141742 40 3 80 23
20180702 141743 36 7 81 18
20180702 141744 31 7 82 24
20180702 141745 36 5 75 28
20180702 141746 35 12 71 21
20180702 141747 36 8 84 29
20180702 141748 35 6 80 20
20180702 141749 28 10 67 18
20180702 141750 38 5 90 22
20180702 141751 40 8 70 21
20180702 141752 28 6 70 22
20180702 141753 39 7 83 16
20180702 141754 28 8 78 18
20180702 141755 34 7 87 18
20180702 141756 31 6 70 23
20180702 141757 31 9 86 29
20180702 141758 39 2 72 19
20180702 141759 39 8 78 21
20180702 141800 27 8 74 21
20180702 141801 46 5 81 23
20180702 141802 39 1 77 25
20180702 141803 36 8 75 24
20180702 141804 26 8 81 22
20180702 141805 39 12 84 13
20180702 141806 35 7 74 22
20180702 141807 35 9 81 22
20180702 141808 34 7 80 20
20180702 141809 36 12 65 25
20180702 141810 35 13 86 16
20180702 141811 27 6 79 18
20180702 141812 30 8 75 19
20180702 141813 34 9 79 22
20180702 141814 34 10 72 13
20180702 141816 35 9 71 24
20180702 141817 33 10 77 26
20180702 141818 35 6 83 22
20180702 141819 26 7 66 28
20180702 141820 34 5 78 24
20180702 141821 36 3 81 16
20180702 141822 27 9 75 24
20180702 141823 27 10 69 27
20180702 141824 36 10 72 16
20180702 141825 35 10 73 17
20180702 141826 30 2 87 23
20180702 141827 37 11 82 18
20180702 141828 31 4 79 29
20180702 141829 27 11 71 16
20180702 141830 34 5 77 21
20180702 141831 34 7 82 22
20180702 141832 29 3 72 25
20180702 141833 36 12 82 15
20180702 141834 27 3 75 22
20180702 141835 32 5 72 30
20180702 141836 33 13 76 20
20180702 141837 32 5 75 17
20180702 141838 33 5 75 18
20180702 141839 31 4 67 22
20180702 141840 39 14 85 26
20180702 141841 35 5 67 16
20180702 141842 28 7 72 25
20180702 141843 30 4 73 28
20180702 141844 31 5 71 19
20180702 141845 38 6 82 23
20180702 141846 39 4 77 14
20180702 141847 32 9 72 23
20180702 141848 35 8 76 25
20180702 141849 33 6 82 20
20180702 141850 34 3 74 26
20180702 141851 26 8 84 27
20180702 141852 30 5 77 24
20180702 141853 27 6 82 19
20180702 141854 31 10 74 25
20180702 141856 36 11 71 13
20180702 141857 30 12 80 29
20180702 141858 33 17 78 18
20180702 141859 26 8 73 19
20180702 141900 38 8 67 23
20180702 141901 27 9 74 21
20180702 141902 27 7 78 23
20180702 141903 37 7 77 24
20180702 141904 29 2 76 25
20180702 141905 27 12 86 26
20180702 141906 25 1 73 19
20180702 141907 29 11 70 21
20180702 141908 24 7 72 25
20180702 141909 27 6 79 19
20180702 141910 29 12 86 18
20180702 141911 32 11 83 18
20180702 141912 30 8 89 20
20180702 141913 33 8 78 17
20180702 141914 36 9 86 25
20180702 141915 26 8 81 22
20180702 141916 31 11 74 20
20180702 141917 37 5 74 16
20180702 141918 39 10 80 21
20180702 141919 38 6 74 24
20180702 141920 31 4 78 15
20180702 141921 30 11 65 29
20180702 141922 27 4 67 17
20180702 141923 37 16 84 29
20180702 141924 34 10 66 19
20180702 141925 33 8 73 26
20180702 141926 28 3 72 21
20180702 141927 40 13 86 23
20180702 141928 37 5 82 17
20180702 141929 31 15 69 19
20180702 141930 30 6 65 21
20180702 141931 39 8 66 19
20180702 141932 29 10 83 15
20180702 141933 32 8 72 19
20180702 141935 36 8 82 20
20180702 141936 37 7 72 19
20180702 141937 32 10 83 19
20180702 141938 40 3 79 25
20180702 141939 43 7 76 17
20180702 141940 29 9 75 22
20180702 141941 35 7 86 18
20180702 141942 33 11 68 18
20180702 141943 36 4 83 15
20180702 141944 36 11 88 20
20180702 141945 41 10 73 12
20180702 141946 32 11 79 22
20180702 141947 41 8 66 27
20180702 141948 37 10 74 26
20180702 141949 39 11 74 18
20180702 141950 31 6 77 15
20180702 141951 32 11 67 23
20180702 141952 31 8 75 19
20180702 141953 36 11 83 28
20180702 141954 37 10 68 23
20180702 141955 31 12 72 26
20180702 141956 33 3 63 27
20180702 141957 31 7 82 17
20180702 141958 30 4 65 23
20180702 141959 33 6 77 22
20180702 142000 35 6 70 20
20180702 142001 34 12 77 31
20180702 142002 34 9 72 24
20180702 142003 34 10 77 22
20180702 142004 35 9 76 22
20180702 142005 30 11 72 24
20180702 142006 26 10 69 18
20180702 142007 31 9 73 15
20180702 142008 39 10 83 21
20180702 142009 36 9 76 14
20180702 142010 36 8 78 26
20180702 142011 35 7 84 24
20180702 142012 34 12 75 16
20180702 142013 34 10 77 17
20180702 142015 31 6 84 16
20180702 142016 31 14 78 21
20180702 142017 43 11 68 20
20180702 142018 35 7 74 17
20180702 142019 31 8 81 21
20180702 142020 33 8 81 23
20180702 142021 34 11 83 14
20180702 142022 38 6 81 18
20180702 142023 27 10 72 21
20180702 142024 33 9 80 21
20180702 142025 42 6 75 23
20180702 142026 30 5 71 16
20180702 142027 29 5 75 24
20180702 142028 37 16 83 23
20180702 142029 44 6 67 19
20180702 142030 30 7 82 19
20180702 142031 38 10 80 25
20180702 142032 30 7 85 19
20180702 142033 34 10 76 22
20180702 142034 40 5 76 17
20180702 142035 28 4 76 21
20180702 142036 36 13 79 25
20180702 142037 34 10 82 19
20180702 142038 34 6 81 18
20180702 142039 40 8 73 32
20180702 142040 36 4 72 30
20180702 142041 33 8 80 17
20180702 142042 30 9 76 20
20180702 142043 33 10 85 28
20180702 142044 33 7 85 15
20180702 142045 27 1 66 20
20180702 142046 30 12 80 21
20180702 142047 28 8 76 22
20180702 142048 26 7 79 18
20180702 142049 34 8 80 15
20180702 142050 40 6 76 25
20180702 142051 33 14 77 19
20180702 142052 41 6 83 16
20180702 142053 31 15 68 19
20180702 142055 28 8 67 26
20180702 142056 33 12 82 22
20180702 142057 33 11 78 21
20180702 142058 30 7 67 23
20180702 142059 29 8 81 22
20180702 142100 31 13 79 29
20180702 142101 36 7 80 22
20180702 142102 40 7 81 26
20180702 142103 28 5 76 27
20180702 142104 31 12 78 19
20180702 142105 30 7 64 22
20180702 142106 37 11 84 20
20180702 142107 35 15 75 24
20180702 142108 27 9 86 18
20180702 142109 39 5 76 15
20180702 142110 34 10 76 21
20180702 142111 35 8 80 26
20180702 142112 25 8 79 13
20180702 142113 33 10 72 24
20180702 142114 32 13 79 16
20180702 142115 35 10 78 13
20180702 142116 32 8 78 19
20180702 142117 34 6 75 23
20180702 142118 35 4 84 24
20180702 142119 28 4 87 19
20180702 142120 35 8 76 25
20180702 142121 30 6 68 26
20180702 142122 39 3 64 23
20180702 142123 36 4 68 19
20180702 142124 26 12 79 27
20180702 142125 33 10 80 17
20180702 142126 35 7 85 24
