20180702 144630 27 4 81 16
20180702 144631 21 2 67 21
20180702 144632 19 11 75 20
20180702 144633 34 6 78 22
20180702 144634 26 12 81 19
20180702 144635 30 9 71 8
20180702 144636 26 5 77 20
20180702 144637 28 11 82 27
20180702 144638 27 4 79 23
20180702 144639 29 10 83 18
20180702 144640 29 8 80 15
20180702 144641 18 9 74 9
20180702 144642 29 4 89 17
20180702 144643 34 6 69 18
20180702 144644 25 9 86 16
20180702 144645 20 7 76 14
20180702 144646 24 6 77 14
20180702 144647 21 8 91 18
20180702 144648 25 5 67 16
20180702 144649 30 7 74 13
20180702 144650 35 4 80 16
20180702 144651 30 4 81 23
20180702 144652 23 4 79 20
20180702 144653 21 9 71 17
20180702 144654 23 3 78 15
20180702 144655 21 9 84 20
20180702 144656 33 7 77 10
20180702 144657 29 8 84 17
20180702 144659 29 7 72 25
20180702 144700 26 4 86 25
20180702 144701 27 12 76 14
20180702 144702 31 4 89 20
20180702 144703 30 6 67 10
20180702 144704 32 6 81 18
20180702 144705 26 6 76 18
20180702 144706 31 12 77 23
20180702 144707 27 12 75 23
20180702 144708 24 11 78 21
20180702 144709 17 2 84 17
20180702 144710 18 6 76 15
20180702 144711 27 5 77 20
20180702 144712 28 4 69 16
20180702 144713 24 10 79 18
20180702 144714 27 10 73 15
20180702 144715 18 6 72 13
20180702 144716 29 6 81 16
20180702 144717 21 8 81 24
20180702 144718 30 10 80 21
20180702 144719 26 8 83 22
20180702 144720 31 2 72 16
20180702 144721 30 6 82 12
20180702 144722 25 10 82 19
20180702 144723 32 3 75 15
20180702 144724 29 8 74 14
20180702 144725 21 3 76 19
20180702 144726 27 6 80 19
20180702 144727 24 3 88 16
20180702 144728 27 9 76 17
20180702 144729 27 4 80 17
20180702 144730 20 12 82 14
20180702 144731 27 4 70 15
20180702 144732 30 6 74 27
20180702 144733 28 3 81 20
20180702 144734 24 7 80 19
20180702 144735 24 3 83 20
20180702 144736 32 7 81 22
20180702 144737 30 10 77 21
20180702 144739 36 8 74 12
20180702 144740 31 9 73 15
20180702 144741 24 8 80 16
20180702 144742 28 11 88 17
20180702 144743 30 4 78 16
20180702 144744 25 15 82 23
20180702 144745 20 8 87 19
20180702 144746 23 6 78 21
20180702 144747 29 5 68 15
20180702 144748 29 7 88 23
20180702 144749 25 9 74 22
20180702 144750 29 9 82 15
20180702 144751 26 6 73 12
20180702 144752 25 11 75 18
20180702 144753 30 4 85 9
20180702 144754 22 11 75 16
20180702 144755 25 4 86 14
20180702 144756 26 4 79 20
20180702 144757 29 1 77 17
20180702 144758 24 6 80 14
20180702 144759 32 4 80 14
20180702 144800 25 9 74 18
20180702 144801 26 12 74 19
20180702 144802 36 5 73 20
20180702 144803 33 1 70 14
20180702 144804 25 7 77 11
20180702 144805 24 10 73 16
20180702 144806 27 7 82 19
20180702 144807 23 4 73 20
20180702 144808 23 16 86 18
20180702 144809 27 12 75 15
20180702 144810 25 6 77 24
20180702 144811 32 6 77 20
20180702 144812 25 4 73 12
20180702 144813 24 10 83 26
20180702 144814 28 2 70 11
20180702 144815 22 8 77 10
20180702 144816 24 10 85 16
20180702 144818 29 0 82 17
20180702 144819 33 5 69 9
20180702 144820 20 3 81 23
20180702 144821 24 14 77 21
20180702 144822 29 9 75 16
20180702 144823 25 11 81 20
20180702 144824 25 7 76 20
20180702 144825 28 11 90 16
20180702 144826 24 7 77 17
20180702 144827 24 9 80 17
20180702 144828 23 9 76 18
20180702 144829 25 8 73 14
20180702 144830 24 2 74 26
20180702 144831 28 2 75 20
20180702 144832 25 9 72 15
20180702 144833 32 3 83 16
20180702 144834 23 12 73 18
20180702 144835 29 9 80 19
20180702 144836 28 11 75 13
20180702 144837 17 9 77 14
20180702 144838 29 14 76 15
20180702 144839 26 5 74 14
20180702 144840 24 6 80 20
20180702 144841 28 9 77 15
20180702 144842 26 5 78 15
20180702 144843 31 9 77 9
20180702 144844 31 9 67 11
20180702 144845 25 1 75 20
20180702 144846 22 6 82 14
20180702 144847 25 7 81 13
20180702 144848 24 5 76 20
20180702 144849 27 10 72 16
20180702 144850 27 12 78 14
20180702 144851 22 8 71 12
20180702 144852 28 9 86 17
20180702 144853 23 5 71 14
20180702 144854 31 8 77 15
20180702 144855 18 6 71 17
20180702 144857 27 15 68 9
20180702 144858 33 5 83 17
20180702 144859 26 5 87 25
20180702 144900 35 0 72 17
20180702 144901 24 5 83 14
20180702 144902 26 10 76 9
20180702 144903 29 4 83 20
20180702 144904 25 5 86 20
20180702 144905 29 14 85 20
20180702 144906 18 8 82 15
20180702 144907 22 8 77 17
20180702 144908 34 5 86 20
20180702 144909 24 10 75 22
20180702 144910 32 5 76 23
20180702 144911 19 8 71 18
20180702 144912 21 4 76 25
20180702 144913 30 9 75 20
20180702 144914 31 8 78 16
20180702 144915 25 9 85 20
20180702 144916 29 7 74 23
20180702 144917 27 8 69 13
20180702 144918 25 9 76 9
20180702 144919 20 13 72 21
20180702 144920 24 7 81 16
20180702 144921 21 7 74 14
20180702 144922 36 9 64 23
20180702 144923 26 11 77 16
20180702 144924 33 12 70 17
20180702 144925 31 8 78 16
20180702 144926 32 10 72 17
20180702 144927 28 7 83 15
20180702 144928 30 8 74 16
20180702 144929 21 2 81 15
20180702 144930 27 7 85 22
20180702 144931 25 7 81 26
20180702 144932 26 3 75 14
20180702 144933 25 6 78 9
20180702 144934 31 14 78 16
20180702 144935 26 14 67 21
20180702 144937 25 11 76 19
20180702 144938 27 7 92 11
20180702 144939 28 13 75 20
20180702 144940 26 9 79 17
20180702 144941 24 4 77 16
20180702 144942 26 5 92 19
20180702 144943 33 7 79 16
20180702 144944 20 7 74 14
20180702 144945 29 9 67 19
20180702 144946 33 5 79 13
20180702 144947 27 9 84 16
20180702 144948 25 4 78 20
20180702 144949 28 6 89 20
20180702 144950 25 7 88 17
20180702 144951 28 6 83 20
20180702 144952 26 4 81 17
20180702 144953 32 -1 78 15
20180702 144954 22 3 83 15
20180702 144955 28 9 73 12
20180702 144956 30 9 84 24
20180702 144957 23 9 92 21
20180702 144958 36 7 82 23
20180702 144959 24 6 78 14
20180702 145000 22 8 78 14
20180702 145001 21 13 83 22
20180702 145002 24 9 82 19
20180702 145003 29 11 71 21
20180702 145004 25 8 78 15
20180702 145005 26 8 72 18
20180702 145006 28 9 71 15
20180702 145007 23 8 77 14
20180702 145008 28 8 86 15
20180702 145009 20 8 87 22
20180702 145010 23 10 75 16
20180702 145011 18 5 81 17
20180702 145012 23 6 91 10
20180702 145013 27 9 69 17
20180702 145014 22 5 82 18
20180702 145016 32 11 73 25
20180702 145017 31 5 76 16
20180702 145018 25 4 89 16
20180702 145019 24 8 87 11
20180702 145020 31 5 90 17
20180702 145021 20 5 76 25
20180702 145022 24 6 78 22
20180702 145023 26 12 85 16
20180702 145024 27 15 83 15
20180702 145025 27 8 69 18
20180702 145026 28 8 89 13
20180702 145027 20 7 78 22
20180702 145028 26 7 90 21
20180702 145029 18 14 93 12
20180702 145030 30 8 65 16
20180702 145031 26 9 86 21
20180702 145032 28 7 90 18
20180702 145033 32 5 79 8
20180702 145034 29 8 81 19
20180702 145035 36 8 86 14
20180702 145036 29 6 65 15
20180702 145037 27 6 78 14
20180702 145038 28 10 82 20
20180702 145039 20 9 75 15
20180702 145040 29 10 76 11
20180702 145041 29 10 80 19
20180702 145042 31 7 87 13
20180702 145043 31 11 85 13
20180702 145044 28 4 74 14
20180702 145045 28 12 82 12
20180702 145046 25 6 77 25
20180702 145047 27 7 82 17
20180702 145048 23 10 79 19
20180702 145049 24 8 85 26
20180702 145050 33 6 83 24
20180702 145051 33 3 79 20
20180702 145052 23 8 76 17
20180702 145053 29 7 77 14
20180702 145055 23 14 84 19
20180702 145056 23 4 76 24
20180702 145057 22 7 75 14
20180702 145058 24 10 81 12
20180702 145059 29 9 81 23
20180702 145100 28 8 85 10
20180702 145101 30 8 90 22
20180702 145102 27 11 71 25
20180702 145103 26 7 77 18
20180702 145104 24 12 84 17
20180702 145105 20 11 84 18
20180702 145106 34 11 76 14
20180702 145107 26 5 76 20
20180702 145108 29 8 77 26
20180702 145109 24 11 75 16
20180702 145110 20 10 76 22
20180702 145111 26 9 90 22
20180702 145112 26 9 71 19
20180702 145113 23 10 84 16
20180702 145114 28 3 72 21
20180702 145115 27 3 83 15
20180702 145116 24 7 67 24
20180702 145117 20 13 77 17
20180702 145118 33 15 85 13
20180702 145119 22 0 73 19
20180702 145120 31 9 79 11
20180702 145121 26 10 85 13
20180702 145122 25 7 78 23
20180702 145123 26 1 75 22
20180702 145124 29 4 83 16
20180702 145125 28 -1 80 21
20180702 145126 28 7 78 23
20180702 145127 28 5 82 16
20180702 145128 22 5 83 21
20180702 145129 28 11 72 15
20180702 145130 30 8 75 21
20180702 145131 24 6 88 25
20180702 145132 32 7 84 17
20180702 145134 27 12 68 18
20180702 145135 26 7 78 22
20180702 145136 27 5 78 15
20180702 145137 32 3 69 16
20180702 145138 23 6 85 12
20180702 145139 27 14 71 19
20180702 145140 24 9 89 15
20180702 145141 27 13 77 21
20180702 145142 34 5 81 20
20180702 145143 27 3 68 18
20180702 145144 26 6 73 15
20180702 145145 24 10 72 16
20180702 145146 27 7 79 18
20180702 145147 31 8 74 25
20180702 145148 27 10 74 20
20180702 145149 23 8 76 20
20180702 145150 20 12 85 18
20180702 145151 27 2 66 19
20180702 145152 26 8 73 14
20180702 145153 31 5 95 14
20180702 145154 24 5 76 13
20180702 145155 30 7 75 19
20180702 145156 21 10 82 27
20180702 145157 23 6 75 23
20180702 145158 24 8 76 22
20180702 145159 27 9 89 16
20180702 145200 23 4 79 16
20180702 145201 32 9 88 14
20180702 145202 23 9 81 17
20180702 145203 31 13 74 19
20180702 145204 26 4 81 13
20180702 145205 20 9 77 23
20180702 145206 29 6 72 19
20180702 145207 28 7 83 20
20180702 145208 25 7 80 22
20180702 145209 28 2 81 14
20180702 145210 29 9 78 15
20180702 145211 25 13 82 17
20180702 145212 26 9 79 17
20180702 145214 32 9 65 11
20180702 145215 26 8 87 26
20180702 145216 27 8 79 18
20180702 145217 34 9 75 13
20180702 145218 26 9 75 10
20180702 145219 25 8 76 21
20180702 145220 24 7 81 12
20180702 145221 19 6 74 16
20180702 145222 29 4 86 15
20180702 145223 26 5 87 8
20180702 145224 23 15 71 18
20180702 145225 33 5 76 15
20180702 145226 22 8 71 21
20180702 145227 22 8 84 17
20180702 145228 25 3 81 14
20180702 145229 24 6 79 18
20180702 145230 24 10 74 15
20180702 145231 23 5 86 21
20180702 145232 33 10 73 24
20180702 145233 29 10 77 15
20180702 145234 27 11 79 18
20180702 145235 35 4 69 25
20180702 145236 28 10 79 17
20180702 145237 37 11 80 13
20180702 145238 24 11 72 17
20180702 145239 23 7 70 28
20180702 145240 30 2 91 22
20180702 145241 22 14 88 12
20180702 145242 25 4 78 15
20180702 145243 26 8 73 15
20180702 145244 33 5 84 8
20180702 145245 23 9 72 14
20180702 145246 22 4 75 17
20180702 145247 29 6 88 24
20180702 145248 31 6 86 22
20180702 145249 28 10 90 20
20180702 145250 18 3 88 16
20180702 145251 25 7 77 22
20180702 145253 27 4 79 22
20180702 145254 24 1 66 20
20180702 145255 21 7 72 18
20180702 145256 29 6 75 18
20180702 145257 26 6 89 21
20180702 145258 21 6 75 17
20180702 145259 23 5 74 12
20180702 145300 27 9 82 11
20180702 145301 20 7 70 20
20180702 145302 29 8 87 10
20180702 145303 29 7 85 11
20180702 145304 25 6 70 19
20180702 145305 24 7 81 12
20180702 145306 26 11 86 8
20180702 145307 25 2 83 15
20180702 145308 28 12 86 15
20180702 145309 29 5 74 15
20180702 145310 27 13 78 14
20180702 145311 31 4 84 22
20180702 145312 23 7 66 20
20180702 145313 33 6 68 16
20180702 145314 26 8 82 14
20180702 145315 25 4 78 11
20180702 145316 24 12 85 19
20180702 145317 30 9 75 20
20180702 145318 29 3 71 18
20180702 145319 28 9 83 18
20180702 145320 18 9 73 17
20180702 145321 24 6 86 13
20180702 145322 29 14 81 25
20180702 145323 31 3 91 24
20180702 145324 28 7 85 13
20180702 145325 24 4 77 11
20180702 145326 36 10 77 24
20180702 145327 25 7 89 16
20180702 145328 25 7 73 16
20180702 145329 27 11 80 14
20180702 145330 27 6 86 17
20180702 145332 36 12 85 14
20180702 145333 27 8 81 18
20180702 145334 24 7 82 19
20180702 145335 26 11 89 20
20180702 145336 20 5 75 24
20180702 145337 34 13 82 9
20180702 145338 28 12 78 20
20180702 145339 25 10 75 21
20180702 145340 27 6 75 16
20180702 145341 29 7 73 16
20180702 145342 22 12 75 24
20180702 145343 32 8 88 17
20180702 145344 24 13 82 19
20180702 145345 29 3 77 12
20180702 145346 24 8 78 16
20180702 145347 35 1 88 21
20180702 145348 31 12 83 14
20180702 145349 22 7 85 17
20180702 145350 24 5 73 16
20180702 145351 29 5 77 18
20180702 145352 24 9 81 23
20180702 145353 22 14 76 16
20180702 145354 25 10 72 26
20180702 145355 20 6 76 19
20180702 145356 24 11 83 16
20180702 145357 29 3 71 19
20180702 145358 30 5 74 8
20180702 145359 26 7 81 22
20180702 145400 37 7 65 8
20180702 145401 24 12 74 13
20180702 145402 27 4 75 17
20180702 145403 33 11 81 24
20180702 145404 28 6 74 15
20180702 145405 30 11 80 20
20180702 145406 18 4 68 14
20180702 145407 24 5 76 12
20180702 145408 23 9 85 19
20180702 145409 27 4 72 16
20180702 145410 30 3 75 13
20180702 145412 20 12 67 13
20180702 145413 22 11 77 21
20180702 145414 24 8 71 21
20180702 145415 33 7 68 14
20180702 145416 25 8 82 14
20180702 145417 20 12 78 21
20180702 145418 28 10 72 16
20180702 145419 28 7 79 13
20180702 145420 23 12 74 13
20180702 145421 30 9 80 13
20180702 145422 34 10 94 23
20180702 145423 25 2 72 20
20180702 145424 24 6 86 21
20180702 145425 22 7 78 19
20180702 145426 25 9 75 19
20180702 145427 26 9 81 23
20180702 145428 26 6 79 15
20180702 145429 26 9 71 26
20180702 145430 26 2 85 25
20180702 145431 33 8 82 18
20180702 145432 30 8 75 15
20180702 145433 20 11 73 18
20180702 145434 25 3 75 13
20180702 145435 31 4 74 21
20180702 145436 23 8 67 19
20180702 145437 26 5 76 23
20180702 145438 35 9 86 17
20180702 145439 27 9 84 21
20180702 145440 22 9 71 24
20180702 145441 30 3 77 17
20180702 145442 28 9 71 23
20180702 145443 31 6 77 16
20180702 145444 24 9 84 16
20180702 145445 27 1 76 14
20180702 145446 31 5 81 16
20180702 145447 24 9 80 18
20180702 145448 27 10 80 21
20180702 145449 27 3 80 18
20180702 145451 30 10 76 13
20180702 145452 29 10 75 15
20180702 145453 23 11 83 25
20180702 145454 28 7 77 20
20180702 145455 32 15 73 13
20180702 145456 22 11 78 15
20180702 145457 25 4 88 21
20180702 145458 26 8 79 11
20180702 145459 27 8 76 24
20180702 145500 28 13 85 15
20180702 145501 33 4 71 14
20180702 145502 29 11 82 10
20180702 145503 30 1 83 20
20180702 145504 34 6 81 20
20180702 145505 20 12 88 22
20180702 145506 32 12 82 26
20180702 145507 35 1 82 13
20180702 145508 24 4 87 16
20180702 145509 30 4 72 13
20180702 145510 33 6 87 19
20180702 145511 28 7 83 20
20180702 145512 25 10 83 15
20180702 145513 25 9 74 21
20180702 145514 24 8 71 14
20180702 145515 26 5 85 23
20180702 145516 32 7 83 15
20180702 145517 25 14 87 22
20180702 145518 31 4 83 21
20180702 145519 28 3 84 20
20180702 145520 36 9 70 23
20180702 145521 27 5 89 18
20180702 145522 30 9 91 27
20180702 145523 34 9 77 19
20180702 145524 22 5 74 13
20180702 145525 25 6 81 17
20180702 145526 26 5 79 17
20180702 145527 23 5 77 12
20180702 145528 28 8 80 22
20180702 145530 27 10 76 11
20180702 145531 31 7 80 22
20180702 145532 25 13 80 18
20180702 145533 28 11 84 13
20180702 145534 26 8 75 23
20180702 145535 28 13 76 18
20180702 145536 21 4 86 18
20180702 145537 24 3 73 18
20180702 145538 32 3 87 10
20180702 145539 27 3 80 19
20180702 145540 27 12 83 18
20180702 145541 22 7 75 22
20180702 145542 27 7 72 17
20180702 145543 30 5 82 23
20180702 145544 28 6 94 7
20180702 145545 26 6 73 15
20180702 145546 28 6 82 16
20180702 145547 30 6 79 14
20180702 145548 29 4 84 20
20180702 145549 31 10 70 16
20180702 145550 25 5 77 19
20180702 145551 21 3 71 23
20180702 145552 28 9 85 17
20180702 145553 24 9 81 16
20180702 145554 26 10 75 16
20180702 145555 26 14 84 17
20180702 145556 34 2 83 16
20180702 145557 28 9 84 11
20180702 145558 31 11 69 18
20180702 145559 24 3 84 13
20180702 145600 24 5 84 17
20180702 145601 25 6 87 17
20180702 145602 25 7 81 15
20180702 145603 24 13 77 11
20180702 145604 24 8 80 16
20180702 145605 22 6 79 9
20180702 145606 25 11 77 13
20180702 145607 24 10 73 11
20180702 145608 30 10 71 13
20180702 145610 23 7 83 14
20180702 145611 25 8 84 17
20180702 145612 29 8 75 12
20180702 145613 31 11 72 12
20180702 145614 22 8 78 18
20180702 145615 25 8 81 16
20180702 145616 20 7 76 25
20180702 145617 26 13 75 25
20180702 145618 28 5 72 15
20180702 145619 28 12 75 14
20180702 145620 29 3 80 21
20180702 145621 26 12 69 18
20180702 145622 34 6 78 10
20180702 145623 26 9 87 22
20180702 145624 25 11 82 19
20180702 145625 26 11 75 13
20180702 145626 26 3 75 16
20180702 145627 29 2 79 20
20180702 145628 27 6 82 16
20180702 145629 23 8 79 18
20180702 145630 24 5 71 21
20180702 145631 30 5 82 24
20180702 145632 29 7 76 18
20180702 145633 22 8 82 14
20180702 145634 24 8 89 14
20180702 145635 31 5 79 14
20180702 145636 32 6 81 20
20180702 145637 27 10 74 14
20180702 145638 24 3 67 21
20180702 145639 24 8 79 13
20180702 145640 24 12 78 18
20180702 145641 29 7 91 22
20180702 145642 25 9 68 18
20180702 145643 22 7 78 15
20180702 145644 34 7 90 17
20180702 145645 27 3 72 22
20180702 145646 22 2 72 21
20180702 145647 31 8 83 19
20180702 145649 33 7 72 22
20180702 145650 23 11 78 22
20180702 145651 28 9 65 15
20180702 145652 31 7 77 18
20180702 145653 27 6 80 16
20180702 145654 24 2 78 16
20180702 145655 20 6 88 20
20180702 145656 23 7 70 14
20180702 145657 29 9 81 11
20180702 145658 29 11 75 20
20180702 145659 21 5 71 18
20180702 145700 19 2 79 20
20180702 145701 28 8 83 15
20180702 145702 33 10 84 13
20180702 145703 32 3 77 16
20180702 145704 26 6 78 18
20180702 145705 28 8 71 14
20180702 145706 22 12 78 26
20180702 145707 24 5 79 22
20180702 145708 24 7 86 26
20180702 145709 30 8 85 21
20180702 145710 22 2 72 15
20180702 145711 29 8 83 17
20180702 145712 27 4 80 16
20180702 145713 31 9 92 15
20180702 145714 35 11 83 21
20180702 145715 29 7 71 15
20180702 145716 23 8 73 18
20180702 145717 35 3 76 20
20180702 145718 25 8 82 9
20180702 145719 22 4 67 26
20180702 145720 29 7 72 17
20180702 145721 35 8 79 14
20180702 145722 27 2 83 24
20180702 145723 23 5 73 19
20180702 145724 26 5 84 18
20180702 145725 31 4 71 13
20180702 145726 30 10 82 11
20180702 145728 26 8 83 19
20180702 145729 34 10 72 15
20180702 145730 23 7 82 21
20180702 145731 30 13 76 19
20180702 145732 29 13 74 19
20180702 145733 36 7 71 19
20180702 145734 26 11 68 14
20180702 145735 26 14 76 19
20180702 145736 28 3 91 26
20180702 145737 25 10 69 14
20180702 145738 31 10 80 15
20180702 145739 24 7 66 20
20180702 145740 28 2 84 15
20180702 145741 27 6 91 21
20180702 145742 26 10 72 11
20180702 145743 29 7 68 25
20180702 145744 26 4 83 13
20180702 145745 25 9 90 26
20180702 145746 20 9 68 16
20180702 145747 28 7 77 19
20180702 145748 35 11 87 18
20180702 145749 30 5 80 13
20180702 145750 21 11 76 22
20180702 145751 24 13 86 13
20180702 145752 29 5 85 13
20180702 145753 30 14 82 16
20180702 145754 28 9 70 21
20180702 145755 30 13 79 20
20180702 145756 23 3 79 19
20180702 145757 31 12 78 15
20180702 145758 31 7 84 16
20180702 145759 30 3 69 14
20180702 145800 25 9 91 13
20180702 145801 35 10 76 20
20180702 145802 22 5 81 19
20180702 145803 31 8 81 11
20180702 145804 25 5 74 20
20180702 145805 28 9 70 18
20180702 145807 24 8 77 20
20180702 145808 27 6 83 19
20180702 145809 23 2 80 17
20180702 145810 22 9 75 16
20180702 145811 32 10 74 20
20180702 145812 29 6 84 25
20180702 145813 24 5 86 27
20180702 145814 26 7 74 19
20180702 145815 25 7 84 23
20180702 145816 29 9 82 19
20180702 145817 25 3 73 18
20180702 145818 26 11 75 18
20180702 145819 27 4 78 18
20180702 145820 26 9 78 20
20180702 145821 21 10 91 21
20180702 145822 33 1 80 22
20180702 145823 27 8 82 14
20180702 145824 25 6 78 11
20180702 145825 22 8 78 17
20180702 145826 33 3 77 15
20180702 145827 25 2 76 11
20180702 145828 23 9 85 11
20180702 145829 26 6 78 14
20180702 145830 24 11 84 17
20180702 145831 24 6 74 24
20180702 145832 22 8 83 16
20180702 145833 30 8 77 25
20180702 145834 22 4 79 23
20180702 145835 21 4 79 19
20180702 145836 25 0 87 23
20180702 145837 26 10 82 19
20180702 145838 25 4 80 13
20180702 145839 22 14 77 14
20180702 145840 34 7 81 17
20180702 145841 25 8 93 21
20180702 145842 30 6 90 15
20180702 145843 26 8 83 20
20180702 145844 22 4 78 21
20180702 145845 23 14 76 20
20180702 145847 30 6 87 20
20180702 145848 24 6 79 18
20180702 145849 26 3 88 15
20180702 145850 20 15 87 20
20180702 145851 30 7 89 14
20180702 145852 27 5 86 21
20180702 145853 24 9 73 18
20180702 145854 32 7 78 13
20180702 145855 29 7 77 18
20180702 145856 19 4 81 14
20180702 145857 20 11 88 25
20180702 145858 25 12 75 20
20180702 145859 24 5 91 18
20180702 145900 27 7 71 21
20180702 145901 27 8 76 15
20180702 145902 22 11 75 14
20180702 145903 31 7 77 21
20180702 145904 21 10 95 21
20180702 145905 28 2 76 12
20180702 145906 27 6 84 14
20180702 145907 26 6 85 22
20180702 145908 26 4 66 15
20180702 145909 29 8 90 9
20180702 145910 32 9 78 17
20180702 145911 27 6 71 21
20180702 145912 32 7 87 16
20180702 145913 22 6 80 16
20180702 145914 25 9 76 11
20180702 145915 31 11 74 17
20180702 145916 31 8 77 17
20180702 145917 22 8 67 13
20180702 145918 31 10 78 25
20180702 145919 25 11 95 20
20180702 145920 24 9 78 20
20180702 145921 32 8 81 17
20180702 145922 31 9 84 15
20180702 145923 29 5 70 15
20180702 145924 27 5 79 11
20180702 145926 26 5 73 16
20180702 145927 22 5 77 18
20180702 145928 36 7 89 13
20180702 145929 23 2 89 25
20180702 145930 23 13 75 20
20180702 145931 36 10 82 22
20180702 145932 31 9 80 14
20180702 145933 27 6 79 20
20180702 145934 35 11 68 15
20180702 145935 36 7 78 10
20180702 145936 20 8 78 19
20180702 145937 21 9 79 25
20180702 145938 27 4 83 15
20180702 145939 21 10 72 9
20180702 145940 27 8 84 15
20180702 145941 23 14 81 20
20180702 145942 35 9 79 20
20180702 145943 26 4 82 18
20180702 145944 25 9 69 19
20180702 145945 32 9 69 18
20180702 145946 31 13 73 17
20180702 145947 21 7 66 14
20180702 145948 31 5 92 10
20180702 145949 27 6 75 11
20180702 145950 20 14 74 20
20180702 145951 27 6 80 15
20180702 145952 24 7 77 18
20180702 145953 31 8 87 16
20180702 145954 25 10 88 20
20180702 145955 25 5 87 16
20180702 145956 29 1 82 17
20180702 145957 20 12 94 17
20180702 145958 30 5 72 22
20180702 145959 28 9 72 20
20180702 150000 30 5 84 14
20180702 150001 21 9 80 14
20180702 150002 28 7 82 22
20180702 150003 22 10 75 18
20180702 150005 34 8 85 20
20180702 150006 29 7 82 21
20180702 150007 34 7 73 18
20180702 150008 30 6 71 12
20180702 150009 23 8 72 14
20180702 150010 26 6 87 22
20180702 150011 29 12 82 13
20180702 150012 23 7 82 19
20180702 150013 24 3 87 20
20180702 150014 23 3 79 8
20180702 150015 32 1 80 20
20180702 150016 32 6 76 18
20180702 150017 25 7 72 14
20180702 150018 24 13 70 20
20180702 150019 28 9 71 21
20180702 150020 30 9 77 19
20180702 150021 25 8 80 11
20180702 150022 26 12 85 17
20180702 150023 27 7 76 17
20180702 150024 25 4 72 23
20180702 150025 26 10 79 21
20180702 150026 30 5 81 13
20180702 150027 27 8 89 14
20180702 150028 25 5 68 21
20180702 150029 23 11 83 22
20180702 150030 26 7 81 18
20180702 150031 24 13 77 14
20180702 150032 29 8 81 20
20180702 150033 24 5 91 17
20180702 150034 24 9 66 10
20180702 150035 21 13 76 11
20180702 150036 25 10 80 10
20180702 150037 31 13 76 20
20180702 150038 23 4 89 21
20180702 150039 24 5 77 18
20180702 150040 34 8 83 22
20180702 150041 30 10 74 13
20180702 150042 24 5 82 13
20180702 150043 23 8 75 19
20180702 150045 35 9 77 16
20180702 150046 20 8 75 21
20180702 150047 22 6 86 24
20180702 150048 27 11 84 18
20180702 150049 32 11 76 13
20180702 150050 20 7 82 14
20180702 150051 30 3 66 16
20180702 150052 26 9 81 9
20180702 150053 24 1 86 23
20180702 150054 23 7 85 17
20180702 150055 24 8 72 17
20180702 150056 23 12 87 19
20180702 150057 27 6 79 18
20180702 150058 22 12 87 22
20180702 150059 29 6 76 14
20180702 150100 24 8 81 15
20180702 150101 22 11 90 14
20180702 150102 26 4 83 21
20180702 150103 35 6 78 17
20180702 150104 37 6 69 15
20180702 150105 26 9 85 14
20180702 150106 23 6 71 24
20180702 150107 23 4 78 11
20180702 150108 25 2 77 26
20180702 150109 23 8 81 11
20180702 150110 29 11 72 14
20180702 150111 26 4 71 23
20180702 150112 20 8 89 16
20180702 150113 26 11 70 17
20180702 150114 31 7 84 17
20180702 150115 20 10 76 17
20180702 150116 27 9 74 23
20180702 150117 25 8 84 17
20180702 150118 34 5 83 21
20180702 150119 28 8 70 15
20180702 150120 29 4 83 21
20180702 150121 25 3 76 23
20180702 150122 24 8 77 17
20180702 150124 27 12 83 19
20180702 150125 32 9 88 19
20180702 150126 26 6 83 21
20180702 150127 25 11 80 26
20180702 150128 18 8 82 19
20180702 150129 26 1 77 13
20180702 150130 25 12 75 21
20180702 150131 30 11 83 14
20180702 150132 34 6 81 15
20180702 150133 29 5 70 20
20180702 150134 33 8 90 18
20180702 150135 29 4 90 17
20180702 150136 17 12 83 17
20180702 150137 23 6 75 22
20180702 150138 23 0 74 21
20180702 150139 28 6 86 17
20180702 150140 22 7 76 25
20180702 150141 27 13 80 16
20180702 150142 31 7 83 14
20180702 150143 33 10 77 22
20180702 150144 30 6 87 12
20180702 150145 34 12 81 17
20180702 150146 24 6 67 15
20180702 150147 25 9 77 21
20180702 150148 25 7 77 12
20180702 150149 37 7 78 16
20180702 150150 27 10 67 18
20180702 150151 22 14 83 19
20180702 150152 23 9 77 13
20180702 150153 25 0 78 20
20180702 150154 31 9 88 23
20180702 150155 33 9 80 17
20180702 150156 28 13 77 22
20180702 150157 28 9 72 19
20180702 150158 21 8 76 13
20180702 150159 27 8 82 17
20180702 150200 25 11 78 16
20180702 150201 22 7 78 21
20180702 150202 20 7 66 25
20180702 150204 29 7 97 21
20180702 150205 22 7 71 14
20180702 150206 25 9 82 21
20180702 150207 28 3 71 25
20180702 150208 27 3 84 23
20180702 150209 22 7 80 13
20180702 150210 27 8 86 15
20180702 150211 23 5 72 11
20180702 150212 25 15 77 13
20180702 150213 30 5 85 21
20180702 150214 30 11 73 16
20180702 150215 32 3 83 16
20180702 150216 23 5 67 13
20180702 150217 33 4 83 10
20180702 150218 26 8 69 15
20180702 150219 20 10 87 21
20180702 150220 31 2 83 18
20180702 150221 28 11 74 15
20180702 150222 25 4 86 15
20180702 150223 29 7 74 18
20180702 150224 26 5 77 21
20180702 150225 28 12 78 14
20180702 150226 27 9 77 21
20180702 150227 25 6 79 18
20180702 150228 31 7 85 14
20180702 150229 26 7 69 23
20180702 150230 28 13 80 12
20180702 150231 27 3 73 22
20180702 150232 18 1 91 17
20180702 150233 24 10 95 12
20180702 150234 26 5 82 18
20180702 150235 21 3 79 22
20180702 150236 24 9 82 17
20180702 150237 24 6 76 26
20180702 150238 34 12 81 16
20180702 150239 29 1 67 20
20180702 150240 32 9 92 14
20180702 150241 28 9 84 12
20180702 150243 32 7 91 27
20180702 150244 28 4 86 16
20180702 150245 22 6 76 16
20180702 150246 33 4 74 18
20180702 150247 28 5 73 12
20180702 150248 33 6 78 22
20180702 150249 23 7 81 17
20180702 150250 24 6 87 14
20180702 150251 26 7 78 15
20180702 150252 22 8 78 21
20180702 150253 28 9 72 20
20180702 150254 25 12 80 19
20180702 150255 24 4 80 14
20180702 150256 23 5 73 22
20180702 150257 25 5 72 15
20180702 150258 26 4 82 18
20180702 150259 33 4 78 18
20180702 150300 30 4 77 20
20180702 150301 27 11 73 20
20180702 150302 17 9 71 25
20180702 150303 27 3 80 17
20180702 150304 26 9 81 22
20180702 150305 28 8 88 16
20180702 150306 26 12 85 15
20180702 150307 23 8 82 10
20180702 150308 28 10 71 19
20180702 150309 25 6 78 22
20180702 150310 28 8 79 15
20180702 150311 26 3 78 17
20180702 150312 31 7 74 15
20180702 150313 28 2 75 10
20180702 150314 24 8 75 27
20180702 150315 28 9 85 15
20180702 150316 27 13 87 19
20180702 150317 32 6 84 17
20180702 150318 24 11 80 25
20180702 150319 27 5 69 19
20180702 150320 27 5 77 16
20180702 150322 27 10 71 14
20180702 150323 24 9 91 19
20180702 150324 29 13 70 19
20180702 150325 25 8 78 17
20180702 150326 26 9 76 21
20180702 150327 29 10 79 16
20180702 150328 21 9 81 16
20180702 150329 21 3 78 21
20180702 150330 28 1 92 17
20180702 150331 31 7 82 21
20180702 150332 28 7 68 11
20180702 150333 25 7 85 13
20180702 150334 25 2 85 20
20180702 150335 30 9 70 13
20180702 150336 22 12 83 12
20180702 150337 28 10 79 21
20180702 150338 29 10 82 22
20180702 150339 27 4 68 19
20180702 150340 22 11 70 16
20180702 150341 22 11 71 13
20180702 150342 29 10 66 20
20180702 150343 29 11 92 19
20180702 150344 23 13 76 21
20180702 150345 25 5 91 16
20180702 150346 23 10 86 14
20180702 150347 20 7 78 13
20180702 150348 27 9 74 20
20180702 150349 27 9 74 16
20180702 150350 24 7 77 14
20180702 150351 37 12 75 13
20180702 150352 23 6 82 12
20180702 150353 32 6 78 12
20180702 150354 25 6 77 25
20180702 150355 26 4 74 11
20180702 150356 21 4 80 17
20180702 150357 22 8 93 20
20180702 150358 36 13 77 18
20180702 150359 22 10 81 20
20180702 150400 29 10 74 19
20180702 150402 24 3 77 22
20180702 150403 17 5 82 20
20180702 150404 32 4 73 23
20180702 150405 32 5 84 23
20180702 150406 29 14 91 15
20180702 150407 28 8 72 14
20180702 150408 22 5 71 24
20180702 150409 24 8 88 18
20180702 150410 19 13 83 17
20180702 150411 30 7 74 20
20180702 150412 23 5 83 14
20180702 150413 25 14 85 15
20180702 150414 23 11 80 20
20180702 150415 28 4 77 19
20180702 150416 27 14 75 11
20180702 150417 26 8 75 24
20180702 150418 32 9 74 10
20180702 150419 22 10 74 20
20180702 150420 23 11 80 15
20180702 150421 25 8 79 11
20180702 150422 24 14 82 13
20180702 150423 31 14 71 11
20180702 150424 31 8 72 22
20180702 150425 25 9 74 13
20180702 150426 21 4 86 19
20180702 150427 24 11 80 21
20180702 150428 30 6 80 21
20180702 150429 27 8 80 17
20180702 150430 25 9 77 18
20180702 150431 31 7 73 21
20180702 150432 31 6 72 20
20180702 150433 31 5 91 14
20180702 150434 34 7 77 20
20180702 150435 27 10 71 17
20180702 150436 24 3 87 15
20180702 150437 23 9 70 16
20180702 150438 28 13 69 15
20180702 150439 24 16 74 20
20180702 150441 28 8 87 19
20180702 150442 24 7 77 9
20180702 150443 21 9 88 14
20180702 150444 29 8 84 20
20180702 150445 24 11 75 20
20180702 150446 23 8 76 15
20180702 150447 30 4 77 21
20180702 150448 29 13 81 18
20180702 150449 28 10 80 18
20180702 150450 28 5 72 20
20180702 150451 25 9 78 24
20180702 150452 29 7 84 17
20180702 150453 27 3 72 18
20180702 150454 19 8 84 18
20180702 150455 18 2 77 15
20180702 150456 33 4 88 21
20180702 150457 28 6 79 22
20180702 150458 19 14 78 17
20180702 150459 22 10 75 18
20180702 150500 31 6 79 15
20180702 150501 24 2 82 18
20180702 150502 23 5 72 22
20180702 150503 26 3 81 23
20180702 150504 22 12 84 16
20180702 150505 27 5 75 17
20180702 150506 27 9 78 17
20180702 150507 25 7 76 15
20180702 150508 27 6 78 18
20180702 150509 27 6 76 17
20180702 150510 26 0 77 18
20180702 150511 26 4 78 19
20180702 150512 28 5 88 17
20180702 150513 22 9 91 19
20180702 150514 30 3 82 18
20180702 150515 22 10 75 17
20180702 150516 28 13 70 16
20180702 150517 24 4 80 22
20180702 150518 26 10 76 15
20180702 150519 26 5 76 16
20180702 150521 25 7 83 15
20180702 150522 30 8 75 21
20180702 150523 30 9 72 16
20180702 150524 28 4 74 20
20180702 150525 23 12 82 18
20180702 150526 24 8 80 19
20180702 150527 25 10 91 18
20180702 150528 32 7 88 17
20180702 150529 29 12 73 12
20180702 150530 27 9 88 19
20180702 150531 20 6 91 25
20180702 150532 29 13 79 16
20180702 150533 21 9 73 21
20180702 150534 28 1 91 14
20180702 150535 25 10 78 21
20180702 150536 27 7 78 15
20180702 150537 29 2 89 18
20180702 150538 26 5 89 16
20180702 150539 21 14 65 19
20180702 150540 28 9 78 21
20180702 150541 32 5 73 18
20180702 150542 21 12 78 19
20180702 150543 26 6 81 24
20180702 150544 27 4 80 18
20180702 150545 27 11 75 15
20180702 150546 22 9 79 13
20180702 150547 25 6 73 18
20180702 150548 20 6 71 19
20180702 150549 28 2 76 16
20180702 150550 31 9 84 12
20180702 150551 29 8 85 17
20180702 150552 35 9 72 19
20180702 150553 23 15 72 17
20180702 150554 25 9 82 16
20180702 150555 32 6 94 16
20180702 150556 23 12 80 20
20180702 150557 24 7 73 18
20180702 150558 27 8 80 16
20180702 150600 28 7 72 21
20180702 150601 21 4 75 16
20180702 150602 34 8 69 16
20180702 150603 26 5 85 18
20180702 150604 23 9 84 21
20180702 150605 25 7 72 14
20180702 150606 34 8 67 17
20180702 150607 31 4 81 12
20180702 150608 33 9 86 13
20180702 150609 22 5 84 24
20180702 150610 25 5 95 26
20180702 150611 24 11 89 12
20180702 150612 21 9 82 16
20180702 150613 34 8 78 16
20180702 150614 24 14 93 22
20180702 150615 31 8 83 17
20180702 150616 23 7 72 15
20180702 150617 23 9 85 18
20180702 150618 27 8 73 18
20180702 150619 22 6 72 19
20180702 150620 33 8 81 19
20180702 150621 27 11 84 17
20180702 150622 25 9 76 14
20180702 150623 25 4 70 15
20180702 150624 34 5 71 20
20180702 150625 19 9 79 19
20180702 150626 25 7 90 10
20180702 150627 26 7 77 21
20180702 150628 28 6 87 17
20180702 150629 28 11 71 18
20180702 150630 22 0 80 22
20180702 150631 27 10 89 23
20180702 150632 29 6 72 15
20180702 150633 24 9 77 24
20180702 150634 19 4 86 19
20180702 150635 30 12 84 23
20180702 150636 29 8 83 21
20180702 150637 38 7 68 21
20180702 150639 32 7 90 18
20180702 150640 21 12 80 19
20180702 150641 24 13 84 26
20180702 150642 21 7 86 20
20180702 150643 21 12 74 19
20180702 150644 30 4 65 12
20180702 150645 22 6 83 17
20180702 150646 24 2 73 25
20180702 150647 32 2 79 25
20180702 150648 25 7 90 20
20180702 150649 24 10 74 21
20180702 150650 34 6 88 20
20180702 150651 22 9 65 13
20180702 150652 29 3 75 17
20180702 150653 31 13 79 23
20180702 150654 25 2 82 22
20180702 150655 31 6 73 13
20180702 150656 23 9 71 19
20180702 150657 25 10 77 19
20180702 150658 24 14 81 14
20180702 150659 19 12 78 18
20180702 150700 27 5 88 16
20180702 150701 30 5 76 13
20180702 150702 30 10 70 19
20180702 150703 26 10 80 17
20180702 150704 21 4 92 19
20180702 150705 23 3 80 22
20180702 150706 21 3 81 20
20180702 150707 24 7 70 14
20180702 150708 31 12 77 17
20180702 150709 33 6 85 14
20180702 150710 33 9 66 14
20180702 150711 30 8 76 17
20180702 150712 23 4 78 22
20180702 150713 28 5 73 16
20180702 150714 22 9 72 10
20180702 150715 29 13 82 19
20180702 150716 25 6 80 13
20180702 150717 31 4 78 18
20180702 150719 22 11 80 13
20180702 150720 25 8 78 29
20180702 150721 20 11 77 16
20180702 150722 20 10 85 17
20180702 150723 31 14 72 17
20180702 150724 24 5 78 19
20180702 150725 29 13 81 20
20180702 150726 23 7 68 18
20180702 150727 33 7 87 16
20180702 150728 33 7 92 17
20180702 150729 23 9 80 21
20180702 150730 31 12 83 13
20180702 150731 25 12 74 17
20180702 150732 28 12 79 17
20180702 150733 26 10 69 15
20180702 150734 26 3 78 20
20180702 150735 28 12 84 14
20180702 150736 24 9 73 13
20180702 150737 28 14 81 14
20180702 150738 23 6 72 15
20180702 150739 30 6 80 25
20180702 150740 28 1 66 19
20180702 150741 32 4 75 21
20180702 150742 32 7 80 16
20180702 150743 30 11 84 16
20180702 150744 35 8 76 21
20180702 150745 23 3 73 13
20180702 150746 38 5 84 17
20180702 150747 22 7 75 21
20180702 150748 29 10 78 17
20180702 150749 24 7 73 17
20180702 150750 31 7 80 24
20180702 150751 25 10 73 19
20180702 150752 31 12 79 13
20180702 150753 24 7 81 18
20180702 150754 25 12 80 12
20180702 150755 31 9 86 15
20180702 150756 26 10 79 18
20180702 150758 28 14 88 14
20180702 150759 30 7 69 13
20180702 150800 24 8 80 12
20180702 150801 32 9 80 14
20180702 150802 27 13 84 22
20180702 150803 25 9 85 23
20180702 150804 26 5 75 18
20180702 150805 25 11 85 13
20180702 150806 25 7 72 20
20180702 150807 24 13 78 13
20180702 150808 23 3 73 16
20180702 150809 33 9 73 18
20180702 150810 28 14 73 23
20180702 150811 23 9 76 21
20180702 150812 38 7 83 22
20180702 150813 21 9 77 16
20180702 150814 23 5 83 17
20180702 150815 38 5 72 19
20180702 150816 20 7 87 16
20180702 150817 22 5 72 27
20180702 150818 36 1 73 15
20180702 150819 21 7 80 16
20180702 150820 27 8 73 19
20180702 150821 29 5 81 21
20180702 150822 26 9 75 27
20180702 150823 31 6 72 13
20180702 150824 25 10 82 20
20180702 150825 27 6 77 23
20180702 150826 25 9 89 11
20180702 150827 28 13 74 21
20180702 150828 24 7 73 15
20180702 150829 29 5 81 21
20180702 150830 32 4 74 16
20180702 150831 31 10 78 18
20180702 150832 29 1 75 21
20180702 150833 28 10 78 16
20180702 150834 26 3 89 19
20180702 150835 29 11 76 14
20180702 150836 24 5 77 20
20180702 150838 26 8 79 22
20180702 150839 27 12 69 17
20180702 150840 20 7 73 14
20180702 150841 24 9 75 20
20180702 150842 30 8 73 21
20180702 150843 24 5 71 16
20180702 150844 30 10 81 14
20180702 150845 23 9 76 18
20180702 150846 27 6 66 14
20180702 150847 25 2 84 22
20180702 150848 28 7 78 20
20180702 150849 24 9 82 12
20180702 150850 25 7 78 11
20180702 150851 36 12 78 18
20180702 150852 25 8 76 24
20180702 150853 28 9 83 13
20180702 150854 24 6 91 14
20180702 150855 31 10 66 12
20180702 150856 36 8 76 13
20180702 150857 26 5 72 20
20180702 150858 25 9 85 22
20180702 150859 23 5 66 14
20180702 150900 26 4 75 25
20180702 150901 27 8 85 25
20180702 150902 30 11 75 24
20180702 150903 23 8 71 16
20180702 150904 23 10 75 20
20180702 150905 26 4 79 14
20180702 150906 31 4 83 15
20180702 150907 19 6 78 21
20180702 150908 24 17 80 25
20180702 150909 30 9 69 17
20180702 150910 29 7 78 19
20180702 150911 27 6 80 17
20180702 150912 38 3 81 17
20180702 150913 25 9 90 14
20180702 150914 23 3 72 21
20180702 150915 21 11 68 19
20180702 150917 32 5 77 19
20180702 150918 28 10 78 21
20180702 150919 32 2 82 21
20180702 150920 19 7 67 27
20180702 150921 24 8 86 9
20180702 150922 26 7 80 15
20180702 150923 24 9 76 15
20180702 150924 22 4 71 23
20180702 150925 24 8 85 18
20180702 150926 31 8 81 19
20180702 150927 34 7 73 17
20180702 150928 26 8 92 20
20180702 150929 27 7 76 10
20180702 150930 30 4 78 24
20180702 150931 20 5 95 16
20180702 150932 26 10 83 21
20180702 150933 19 2 82 17
20180702 150934 25 8 72 20
20180702 150935 27 11 75 22
20180702 150936 27 11 74 27
20180702 150937 27 14 84 21
20180702 150938 29 2 78 13
20180702 150939 33 9 82 18
20180702 150940 28 6 78 14
20180702 150941 23 4 75 27
20180702 150942 31 5 68 16
20180702 150943 29 1 82 19
20180702 150944 24 10 84 17
20180702 150945 18 9 79 20
20180702 150946 26 8 88 24
20180702 150947 26 2 75 18
20180702 150948 29 7 79 11
20180702 150949 28 8 73 13
20180702 150950 31 9 72 19
20180702 150951 26 3 78 24
20180702 150952 19 4 79 22
20180702 150953 25 8 73 22
20180702 150954 26 7 86 19
20180702 150956 22 9 78 23
20180702 150957 33 8 80 15
20180702 150958 25 3 77 22
20180702 150959 30 8 81 23
20180702 151000 27 10 85 19
20180702 151001 34 8 77 14
20180702 151002 27 8 86 14
20180702 151003 32 6 77 21
20180702 151004 24 12 75 19
20180702 151005 30 13 82 18
20180702 151006 29 8 84 21
20180702 151007 27 7 75 25
20180702 151008 28 6 83 14
20180702 151009 25 5 78 13
20180702 151010 29 8 84 20
20180702 151011 34 8 77 22
20180702 151012 26 7 75 16
20180702 151013 21 5 73 14
20180702 151014 22 5 74 15
20180702 151015 34 3 83 17
20180702 151016 26 10 69 8
20180702 151017 23 11 78 21
20180702 151018 20 13 76 20
20180702 151019 22 4 73 21
20180702 151020 25 4 81 16
20180702 151021 26 10 73 17
20180702 151022 21 13 74 14
20180702 151023 30 11 74 15
20180702 151024 22 4 80 12
20180702 151025 23 5 74 18
20180702 151026 27 8 66 17
20180702 151027 22 6 73 13
20180702 151028 32 3 86 21
20180702 151029 22 4 77 15
20180702 151030 27 3 82 19
20180702 151031 29 7 88 23
20180702 151032 28 15 77 12
20180702 151033 29 4 68 14
20180702 151034 26 9 76 25
20180702 151036 31 7 74 15
20180702 151037 29 7 79 13
20180702 151038 33 7 72 13
20180702 151039 31 2 75 14
20180702 151040 18 7 75 22
20180702 151041 35 9 80 18
20180702 151042 19 5 68 23
20180702 151043 26 8 71 14
20180702 151044 25 2 73 19
20180702 151045 26 8 74 12
20180702 151046 29 6 83 12
20180702 151047 26 7 82 15
20180702 151048 25 13 79 15
20180702 151049 24 9 74 12
20180702 151050 30 5 87 12
20180702 151051 28 12 83 22
20180702 151052 30 9 72 15
20180702 151053 30 6 73 10
20180702 151054 29 7 73 15
20180702 151055 29 7 91 19
20180702 151056 22 8 80 22
20180702 151057 22 9 89 20
20180702 151058 28 10 79 27
20180702 151059 34 14 73 14
20180702 151100 25 5 76 20
20180702 151101 26 2 81 15
20180702 151102 33 5 86 22
20180702 151103 25 5 83 23
20180702 151104 30 8 76 17
20180702 151105 32 6 85 13
20180702 151106 31 8 86 14
20180702 151107 27 5 78 13
20180702 151108 30 11 75 22
20180702 151109 24 11 84 12
20180702 151110 30 11 77 16
20180702 151111 25 8 75 12
20180702 151112 20 5 69 11
20180702 151113 18 1 80 16
20180702 151115 24 12 82 16
20180702 151116 29 10 69 14
20180702 151117 28 7 87 27
20180702 151118 28 9 82 24
20180702 151119 26 6 82 14
20180702 151120 32 8 77 17
20180702 151121 30 6 70 20
20180702 151122 23 7 77 19
20180702 151123 32 11 71 20
20180702 151124 29 10 74 18
20180702 151125 28 6 67 14
20180702 151126 30 8 77 17
20180702 151127 26 5 88 18
20180702 151128 23 7 70 18
20180702 151129 36 13 77 16
20180702 151130 25 4 70 12
20180702 151131 29 7 83 14
20180702 151132 25 7 86 19
20180702 151133 24 7 71 16
20180702 151134 26 14 83 20
20180702 151135 26 12 76 16
20180702 151136 24 15 78 18
20180702 151137 33 7 72 23
20180702 151138 27 10 74 17
20180702 151139 21 0 89 20
20180702 151140 21 6 86 21
20180702 151141 25 10 82 14
20180702 151142 30 8 81 16
20180702 151143 24 9 85 14
20180702 151144 29 9 73 9
20180702 151145 23 9 85 15
20180702 151146 35 14 91 22
20180702 151147 32 4 66 21
20180702 151148 23 9 79 18
20180702 151149 31 4 75 19
20180702 151150 29 11 83 20
20180702 151151 29 10 72 17
20180702 151152 28 3 90 20
20180702 151153 26 2 89 13
20180702 151155 30 12 86 20
20180702 151156 25 11 76 13
20180702 151157 20 8 77 15
20180702 151158 23 10 74 25
20180702 151159 23 7 72 18
20180702 151200 22 10 94 14
20180702 151201 20 1 78 16
20180702 151202 38 7 84 8
20180702 151203 25 7 67 16
20180702 151204 30 8 86 14
20180702 151205 30 12 81 15
20180702 151206 28 11 72 22
20180702 151207 26 5 82 18
20180702 151208 28 3 73 20
20180702 151209 31 7 88 19
20180702 151210 33 6 80 9
20180702 151211 31 5 79 23
20180702 151212 30 8 88 16
20180702 151213 34 12 72 27
20180702 151214 21 12 88 16
20180702 151215 22 12 87 22
20180702 151216 30 8 82 14
20180702 151217 30 10 89 14
20180702 151218 26 8 68 14
20180702 151219 32 14 83 25
20180702 151220 26 10 77 21
20180702 151221 24 13 88 18
20180702 151222 30 10 79 20
20180702 151223 28 13 76 18
20180702 151224 33 8 72 21
20180702 151225 33 10 78 17
20180702 151226 23 14 77 22
20180702 151227 30 8 77 27
20180702 151228 21 5 74 19
20180702 151229 31 8 75 20
20180702 151230 38 7 80 18
20180702 151231 25 11 80 24
20180702 151232 22 9 77 17
20180702 151234 20 8 69 24
20180702 151235 21 4 76 13
20180702 151236 32 11 84 16
20180702 151237 26 9 81 20
20180702 151238 30 12 80 14
20180702 151239 25 5 79 20
20180702 151240 30 9 78 18
20180702 151241 30 4 77 16
20180702 151242 25 6 75 20
20180702 151243 24 7 66 21
20180702 151244 21 10 75 18
20180702 151245 22 11 77 20
20180702 151246 35 4 71 18
20180702 151247 19 15 91 23
20180702 151248 25 9 71 11
20180702 151249 26 7 67 19
20180702 151250 21 10 89 18
20180702 151251 26 0 77 27
20180702 151252 29 8 78 17
20180702 151253 31 8 67 20
20180702 151254 31 -1 82 19
20180702 151255 23 9 77 12
20180702 151256 28 -1 77 18
20180702 151257 29 7 73 17
20180702 151258 23 8 82 20
20180702 151259 27 3 89 13
20180702 151300 30 9 71 17
20180702 151301 27 8 86 21
20180702 151302 29 6 80 15
20180702 151303 22 5 82 17
20180702 151304 27 10 72 15
20180702 151305 33 4 71 16
20180702 151306 17 7 79 20
20180702 151307 24 9 93 19
20180702 151308 24 6 77 17
20180702 151309 22 8 75 22
20180702 151310 28 9 78 22
20180702 151311 22 2 75 22
20180702 151312 33 11 90 18
20180702 151314 22 8 87 19
20180702 151315 31 7 79 16
20180702 151316 21 8 71 14
20180702 151317 33 4 76 22
20180702 151318 27 1 73 16
20180702 151319 24 3 80 12
20180702 151320 29 8 84 15
20180702 151321 27 7 86 24
20180702 151322 29 2 91 20
20180702 151323 33 7 83 17
20180702 151324 29 8 73 16
20180702 151325 29 5 80 22
20180702 151326 25 3 82 17
20180702 151327 28 13 82 10
20180702 151328 23 3 76 18
20180702 151329 26 7 75 23
20180702 151330 29 12 77 28
20180702 151331 30 10 85 12
20180702 151332 27 12 71 13
20180702 151333 26 8 77 19
20180702 151334 32 8 87 17
20180702 151335 18 7 79 11
20180702 151336 23 8 79 18
20180702 151337 28 8 91 10
20180702 151338 31 6 86 24
20180702 151339 26 15 82 14
20180702 151340 22 2 87 15
20180702 151341 27 9 77 14
20180702 151342 29 11 66 18
20180702 151343 26 9 79 22
20180702 151344 31 10 81 22
20180702 151345 22 5 83 10
20180702 151346 22 7 74 17
20180702 151347 25 4 78 14
20180702 151348 31 5 68 22
20180702 151349 26 7 71 15
20180702 151350 18 8 77 23
20180702 151351 26 11 80 16
20180702 151353 22 9 79 15
20180702 151354 27 -1 89 17
20180702 151355 28 8 68 17
20180702 151356 25 14 83 17
20180702 151357 27 9 67 18
20180702 151358 27 8 89 15
20180702 151359 33 9 78 18
20180702 151400 21 0 82 15
20180702 151401 21 9 88 10
20180702 151402 23 4 85 12
20180702 151403 31 4 73 28
20180702 151404 26 11 69 13
20180702 151405 32 3 86 22
20180702 151406 29 4 75 15
20180702 151407 26 3 76 18
20180702 151408 24 8 77 16
20180702 151409 29 11 84 19
20180702 151410 34 12 83 13
20180702 151411 23 9 78 16
20180702 151412 29 6 86 19
20180702 151413 27 16 76 18
20180702 151414 30 10 76 20
20180702 151415 29 10 78 16
20180702 151416 32 7 77 25
20180702 151417 29 6 89 18
20180702 151418 27 9 76 23
20180702 151419 23 6 76 24
20180702 151420 28 10 80 17
20180702 151421 27 4 79 20
20180702 151422 27 4 83 21
20180702 151423 26 9 76 16
20180702 151424 27 7 69 21
20180702 151425 30 4 77 26
20180702 151426 31 9 88 13
20180702 151427 27 4 82 20
20180702 151428 24 8 86 17
20180702 151429 30 9 84 19
20180702 151430 23 10 74 20
20180702 151431 23 9 87 20
20180702 151433 32 8 75 16
20180702 151434 28 8 81 20
20180702 151435 34 5 83 20
20180702 151436 26 10 69 16
20180702 151437 23 8 83 16
20180702 151438 27 11 80 20
20180702 151439 26 6 86 17
20180702 151440 30 6 72 17
20180702 151441 24 7 79 13
20180702 151442 23 9 80 14
20180702 151443 27 9 76 28
20180702 151444 27 2 85 16
20180702 151445 31 9 82 21
20180702 151446 27 7 84 19
20180702 151447 24 10 86 13
20180702 151448 27 11 87 17
20180702 151449 26 12 84 17
20180702 151450 30 4 77 18
20180702 151451 26 11 87 15
20180702 151452 25 9 70 17
20180702 151453 24 13 78 13
20180702 151454 28 7 77 21
20180702 151455 29 15 94 16
20180702 151456 25 7 74 17
20180702 151457 22 6 71 15
20180702 151458 29 3 70 18
20180702 151459 23 9 86 23
20180702 151500 25 7 79 15
20180702 151501 31 11 74 19
20180702 151502 25 13 86 16
20180702 151503 29 9 76 17
20180702 151504 20 9 79 23
20180702 151505 25 14 67 15
20180702 151506 20 12 76 19
20180702 151507 25 10 86 18
20180702 151508 25 11 74 15
20180702 151509 29 7 74 19
20180702 151510 27 4 79 20
20180702 151512 22 11 81 18
20180702 151513 25 4 78 14
20180702 151514 29 9 96 16
20180702 151515 34 7 76 11
20180702 151516 27 4 83 22
20180702 151517 24 14 79 17
20180702 151518 29 9 69 17
20180702 151519 30 4 78 22
20180702 151520 22 10 67 22
20180702 151521 29 6 77 16
20180702 151522 25 9 75 10
20180702 151523 29 7 77 19
20180702 151524 25 9 74 19
20180702 151525 21 8 70 24
20180702 151526 21 9 86 24
20180702 151527 22 10 76 23
20180702 151528 28 5 75 15
20180702 151529 27 3 80 18
20180702 151530 34 8 87 11
20180702 151531 23 3 82 15
20180702 151532 26 12 80 17
20180702 151533 24 6 81 12
20180702 151534 28 1 82 18
20180702 151535 26 6 87 23
20180702 151536 27 1 84 15
20180702 151537 27 8 71 27
20180702 151538 23 7 78 26
20180702 151539 22 8 78 14
20180702 151540 31 7 69 25
20180702 151541 32 5 85 17
20180702 151542 28 8 77 19
20180702 151543 30 9 73 20
20180702 151544 29 5 70 26
20180702 151545 24 10 82 15
20180702 151546 23 3 80 17
20180702 151547 30 4 77 23
20180702 151548 34 4 83 18
20180702 151549 28 11 75 20
20180702 151551 24 6 81 16
20180702 151552 31 8 90 19
20180702 151553 28 3 77 16
20180702 151554 26 9 71 13
20180702 151555 22 5 80 17
20180702 151556 23 2 76 11
20180702 151557 27 2 78 15
20180702 151558 29 8 86 12
20180702 151559 29 6 76 16
20180702 151600 22 11 82 18
20180702 151601 27 11 78 15
20180702 151602 28 9 70 19
20180702 151603 29 5 77 14
20180702 151604 32 13 86 11
20180702 151605 25 4 86 15
20180702 151606 35 12 71 17
20180702 151607 32 11 72 19
20180702 151608 30 9 77 13
20180702 151609 25 3 92 20
20180702 151610 29 12 86 20
20180702 151611 22 8 79 20
20180702 151612 30 8 80 22
20180702 151613 25 8 81 14
20180702 151614 24 3 83 15
20180702 151615 27 10 74 12
20180702 151616 17 5 77 15
20180702 151617 29 9 72 25
20180702 151618 24 3 83 16
20180702 151619 25 6 78 11
20180702 151620 26 10 80 15
20180702 151621 20 6 70 19
20180702 151622 28 9 89 25
20180702 151623 32 5 82 15
20180702 151624 22 6 82 14
20180702 151625 33 6 66 14
20180702 151626 30 8 84 20
20180702 151627 31 8 75 15
20180702 151628 21 9 79 21
20180702 151629 27 12 82 28
20180702 151631 24 10 83 14
20180702 151632 25 9 72 20
20180702 151633 28 11 76 19
20180702 151634 25 9 78 22
20180702 151635 24 11 76 15
20180702 151636 29 7 85 20
20180702 151637 33 11 84 16
20180702 151638 20 9 92 19
20180702 151639 22 0 79 10
20180702 151640 26 6 76 13
20180702 151641 29 11 85 20
20180702 151642 31 10 76 20
20180702 151643 29 9 78 18
20180702 151644 21 7 82 16
20180702 151645 22 6 75 24
20180702 151646 27 5 65 23
20180702 151647 25 5 74 14
20180702 151648 31 5 79 17
20180702 151649 26 9 77 22
20180702 151650 21 2 69 26
20180702 151651 26 9 77 16
20180702 151652 33 9 82 15
20180702 151653 30 8 70 24
20180702 151654 27 8 76 16
20180702 151655 28 6 70 16
20180702 151656 24 8 81 13
20180702 151657 33 6 77 18
20180702 151658 26 0 78 8
20180702 151659 27 11 85 16
20180702 151700 23 4 70 9
20180702 151701 31 3 69 18
20180702 151702 34 11 68 15
20180702 151703 23 7 86 23
20180702 151704 23 9 82 17
20180702 151705 25 7 69 16
20180702 151706 27 9 81 10
20180702 151707 34 8 79 13
20180702 151708 32 8 79 22
20180702 151710 28 6 88 15
20180702 151711 29 7 87 18
20180702 151712 29 7 73 14
20180702 151713 24 10 72 19
20180702 151714 29 4 77 11
20180702 151715 28 10 76 22
20180702 151716 28 9 71 10
20180702 151717 25 5 68 19
20180702 151718 21 7 83 16
20180702 151719 29 9 87 18
20180702 151720 27 9 87 20
20180702 151721 32 7 67 17
20180702 151722 27 8 77 17
20180702 151723 29 7 73 20
20180702 151724 29 8 75 24
20180702 151725 29 8 75 20
20180702 151726 27 9 76 18
20180702 151727 31 7 72 22
20180702 151728 24 13 71 18
20180702 151729 26 9 86 16
20180702 151730 27 8 70 15
20180702 151731 36 10 92 21
20180702 151732 26 10 76 17
20180702 151733 22 8 70 18
20180702 151734 31 8 83 17
20180702 151735 28 5 66 25
20180702 151736 29 12 72 25
20180702 151737 29 4 81 17
20180702 151738 21 10 87 13
20180702 151739 33 5 80 22
20180702 151740 24 5 81 14
20180702 151741 33 2 84 19
20180702 151742 31 1 75 19
20180702 151743 24 14 89 15
20180702 151744 28 8 72 14
20180702 151745 32 11 76 17
20180702 151746 34 11 80 17
20180702 151747 22 4 85 23
20180702 151748 31 10 81 19
20180702 151750 32 2 89 22
20180702 151751 21 8 74 17
20180702 151752 37 10 91 17
20180702 151753 30 10 70 13
20180702 151754 25 13 72 18
20180702 151755 26 5 79 15
20180702 151756 22 13 84 20
20180702 151757 34 2 80 12
20180702 151758 23 -1 77 15
20180702 151759 26 7 73 19
20180702 151800 29 10 71 21
20180702 151801 23 12 80 19
20180702 151802 37 8 73 27
20180702 151803 22 7 74 18
20180702 151804 30 5 78 23
20180702 151805 28 3 87 10
20180702 151806 25 9 80 15
20180702 151807 31 6 70 16
20180702 151808 22 10 76 17
20180702 151809 31 8 84 17
20180702 151810 33 8 85 17
20180702 151811 30 1 82 15
20180702 151812 27 14 83 13
20180702 151813 28 7 76 20
20180702 151814 26 9 72 19
20180702 151815 25 6 69 24
20180702 151816 25 9 77 13
20180702 151817 22 9 70 15
20180702 151818 29 5 79 11
20180702 151819 24 8 71 22
20180702 151820 31 9 74 13
20180702 151821 23 9 74 27
20180702 151822 26 5 80 15
20180702 151823 25 5 78 9
20180702 151824 25 4 81 15
20180702 151825 25 8 66 16
20180702 151826 30 6 87 25
20180702 151827 25 11 81 21
20180702 151829 26 1 73 26
20180702 151830 27 4 69 21
20180702 151831 27 6 79 18
20180702 151832 31 8 78 23
20180702 151833 32 4 74 20
20180702 151834 20 1 77 14
20180702 151835 22 6 73 14
20180702 151836 26 11 78 17
20180702 151837 24 6 77 22
20180702 151838 32 7 77 16
20180702 151839 27 10 71 21
20180702 151840 26 7 69 23
20180702 151841 26 8 76 25
20180702 151842 24 3 74 15
20180702 151843 27 11 87 21
20180702 151844 26 6 82 15
20180702 151845 25 5 81 12
20180702 151846 30 10 80 15
20180702 151847 31 11 82 22
20180702 151848 26 10 77 16
20180702 151849 30 3 88 13
20180702 151850 30 9 75 25
20180702 151851 23 10 78 14
20180702 151852 25 13 70 21
20180702 151853 19 12 93 12
20180702 151854 29 7 74 18
20180702 151855 24 9 70 16
20180702 151856 29 6 67 19
20180702 151857 30 13 86 13
20180702 151858 23 7 83 16
20180702 151859 29 9 68 13
20180702 151900 21 10 73 14
20180702 151901 23 6 70 15
20180702 151902 23 13 80 15
20180702 151903 24 4 71 16
20180702 151904 20 12 83 13
20180702 151905 28 7 78 18
20180702 151906 23 5 70 19
20180702 151907 29 11 85 18
20180702 151909 25 14 83 21
20180702 151910 27 7 70 22
20180702 151911 29 15 82 23
20180702 151912 28 6 82 16
20180702 151913 28 10 88 16
20180702 151914 30 8 65 19
20180702 151915 25 11 73 19
20180702 151916 30 5 68 12
20180702 151917 27 7 82 14
20180702 151918 34 0 80 12
20180702 151919 21 6 88 14
20180702 151920 24 11 78 14
20180702 151921 31 8 69 19
20180702 151922 23 12 78 15
20180702 151923 21 1 81 15
20180702 151924 31 0 85 11
20180702 151925 27 11 81 14
20180702 151926 21 9 72 22
20180702 151927 25 7 89 14
20180702 151928 30 8 78 22
20180702 151929 27 -1 68 17
20180702 151930 32 11 73 16
20180702 151931 25 6 74 17
20180702 151932 21 7 74 22
20180702 151933 20 9 77 22
20180702 151934 32 0 79 15
20180702 151935 25 8 83 24
20180702 151936 22 6 82 21
20180702 151937 23 10 79 22
20180702 151938 28 8 71 20
20180702 151939 31 6 81 17
20180702 151940 27 8 75 13
20180702 151941 31 8 74 18
20180702 151942 27 5 72 20
20180702 151943 28 8 82 23
20180702 151944 23 10 72 18
20180702 151945 28 6 88 14
20180702 151946 31 8 72 24
20180702 151948 19 8 72 20
20180702 151949 25 3 77 13
20180702 151950 22 5 70 20
20180702 151951 33 12 70 14
20180702 151952 31 7 85 15
20180702 151953 25 5 76 12
20180702 151954 26 7 81 13
20180702 151955 23 8 84 19
20180702 151956 24 10 74 14
20180702 151957 26 8 84 10
20180702 151958 23 4 80 17
20180702 151959 28 8 93 23
20180702 152000 23 5 83 16
20180702 152001 26 6 86 18
20180702 152002 25 5 84 12
20180702 152003 30 10 81 15
20180702 152004 27 10 79 16
20180702 152005 26 10 75 20
20180702 152006 25 7 87 17
20180702 152007 30 6 79 14
20180702 152008 26 0 90 19
20180702 152009 28 8 85 21
20180702 152010 28 4 76 22
20180702 152011 24 10 88 18
20180702 152012 28 5 70 22
20180702 152013 30 7 67 16
20180702 152014 18 11 80 17
20180702 152015 21 11 87 21
20180702 152016 26 9 67 12
20180702 152017 21 9 76 13
20180702 152018 25 6 83 20
20180702 152019 21 12 71 19
20180702 152020 29 5 70 22
20180702 152021 25 6 75 13
20180702 152022 27 4 89 8
20180702 152023 20 7 76 18
20180702 152024 31 3 92 22
20180702 152025 25 3 86 14
20180702 152027 32 13 91 21
20180702 152028 30 11 73 14
20180702 152029 29 12 95 14
20180702 152030 33 8 88 17
20180702 152031 32 4 70 11
20180702 152032 24 10 73 24
20180702 152033 27 3 82 19
20180702 152034 30 5 83 19
20180702 152035 29 11 77 22
20180702 152036 25 9 73 25
20180702 152037 19 9 72 23
20180702 152038 33 4 78 16
20180702 152039 27 7 67 14
20180702 152040 18 5 81 17
20180702 152041 25 4 79 19
20180702 152042 23 6 74 11
20180702 152043 28 7 77 12
20180702 152044 21 4 67 19
20180702 152045 31 3 73 25
20180702 152046 29 3 71 18
20180702 152047 32 11 93 16
20180702 152048 25 3 81 19
20180702 152049 30 13 78 22
20180702 152050 26 8 80 22
20180702 152051 26 7 74 22
20180702 152052 30 1 82 26
20180702 152053 26 5 74 16
20180702 152054 37 8 77 22
20180702 152055 25 11 78 21
20180702 152056 20 7 77 21
20180702 152057 24 5 78 15
20180702 152058 26 12 83 16
20180702 152059 27 5 77 19
20180702 152100 27 2 83 15
20180702 152101 29 4 76 11
20180702 152102 34 8 78 20
20180702 152103 26 7 80 10
20180702 152104 21 2 75 18
20180702 152105 28 5 83 19
20180702 152107 19 6 80 23
20180702 152108 28 8 71 19
20180702 152109 22 4 72 23
20180702 152110 28 5 84 18
20180702 152111 27 3 87 21
20180702 152112 28 8 75 25
20180702 152113 24 7 75 18
20180702 152114 28 5 67 18
20180702 152115 26 6 79 21
20180702 152116 29 8 73 21
20180702 152117 24 8 79 17
20180702 152118 25 10 68 22
20180702 152119 29 3 84 18
20180702 152120 26 9 85 23
20180702 152121 27 4 84 20
20180702 152122 28 12 90 19
20180702 152123 26 9 71 27
20180702 152124 35 5 78 16
20180702 152125 30 7 84 22
20180702 152126 26 8 90 17
20180702 152127 22 8 69 15
20180702 152128 20 5 71 11
20180702 152129 34 10 92 17
20180702 152130 25 7 77 19
20180702 152131 23 9 86 25
20180702 152132 32 6 77 20
20180702 152133 32 9 82 20
20180702 152134 27 6 84 22
20180702 152135 29 8 75 24
20180702 152136 23 6 74 15
20180702 152137 19 6 90 22
20180702 152138 31 3 85 16
20180702 152139 19 9 69 15
20180702 152140 29 4 69 15
20180702 152141 34 8 68 23
20180702 152142 25 13 71 20
20180702 152143 24 9 87 9
20180702 152144 26 4 95 16
20180702 152146 37 9 65 19
20180702 152147 30 5 77 9
20180702 152148 29 10 82 16
20180702 152149 31 9 79 17
20180702 152150 27 10 74 22
20180702 152151 23 5 72 11
20180702 152152 23 13 83 24
20180702 152153 28 8 71 17
20180702 152154 23 8 72 9
20180702 152155 23 6 79 8
20180702 152156 21 8 91 15
20180702 152157 24 4 76 20
20180702 152158 25 3 80 15
20180702 152159 24 4 76 21
20180702 152200 23 8 80 21
20180702 152201 27 9 70 16
20180702 152202 28 4 79 20
20180702 152203 24 10 83 14
20180702 152204 27 7 83 20
20180702 152205 30 2 70 18
20180702 152206 35 9 82 21
20180702 152207 27 8 80 18
20180702 152208 30 11 83 11
20180702 152209 30 11 77 20
20180702 152210 24 10 81 19
20180702 152211 31 5 80 16
20180702 152212 34 4 84 20
20180702 152213 24 8 91 22
20180702 152214 31 8 82 11
20180702 152215 29 5 75 21
20180702 152216 33 14 81 22
20180702 152217 24 11 82 13
20180702 152218 27 7 82 16
20180702 152219 24 9 79 13
20180702 152220 26 7 71 18
20180702 152221 22 5 85 15
20180702 152222 25 8 75 11
20180702 152223 25 10 79 22
20180702 152224 26 12 75 21
20180702 152226 27 7 76 20
20180702 152227 21 2 76 21
20180702 152228 23 5 78 23
20180702 152229 28 8 80 24
20180702 152230 28 13 74 12
20180702 152231 25 6 83 20
20180702 152232 34 10 75 23
20180702 152233 26 7 83 23
20180702 152234 24 2 71 16
20180702 152235 34 13 78 22
20180702 152236 26 7 70 15
20180702 152237 32 7 75 20
20180702 152238 26 7 84 14
20180702 152239 33 3 76 12
20180702 152240 25 9 85 20
20180702 152241 24 3 85 23
20180702 152242 29 5 73 20
20180702 152243 29 0 78 18
20180702 152244 25 8 66 18
20180702 152245 28 4 72 20
20180702 152246 31 6 83 22
20180702 152247 20 2 79 17
20180702 152248 24 11 80 16
20180702 152249 22 8 86 16
20180702 152250 28 15 84 11
20180702 152251 30 9 70 19
20180702 152252 22 0 79 18
20180702 152253 26 5 78 16
20180702 152254 28 6 75 18
20180702 152255 22 6 85 17
20180702 152256 32 8 75 22
20180702 152257 28 9 70 23
20180702 152258 20 7 75 23
20180702 152259 29 9 84 22
20180702 152300 18 8 77 17
20180702 152301 25 1 77 15
20180702 152302 28 9 91 13
20180702 152303 27 9 81 17
20180702 152305 20 7 82 21
20180702 152306 23 5 82 18
20180702 152307 31 8 75 25
20180702 152308 28 6 85 19
20180702 152309 27 11 77 19
20180702 152310 25 9 74 25
20180702 152311 27 4 69 13
20180702 152312 35 9 86 16
20180702 152313 30 10 80 12
20180702 152314 24 9 85 14
20180702 152315 26 2 81 15
20180702 152316 24 5 84 26
20180702 152317 30 8 82 8
20180702 152318 27 11 89 17
20180702 152319 27 10 82 24
20180702 152320 25 11 74 17
20180702 152321 26 9 77 16
20180702 152322 22 11 86 10
20180702 152323 27 4 75 18
20180702 152324 21 5 72 16
20180702 152325 31 6 75 10
20180702 152326 28 5 71 15
20180702 152327 21 12 75 11
20180702 152328 30 1 67 27
20180702 152329 17 13 84 15
20180702 152330 26 8 81 12
20180702 152331 30 11 76 13
20180702 152332 23 6 79 14
20180702 152333 25 7 91 16
20180702 152334 26 6 75 21
20180702 152335 36 14 81 24
20180702 152336 28 8 83 17
20180702 152337 21 6 74 13
20180702 152338 24 8 80 16
20180702 152339 25 3 90 17
20180702 152340 29 3 73 21
20180702 152341 22 7 78 17
20180702 152342 28 14 71 24
20180702 152344 27 6 72 15
20180702 152345 28 7 85 13
20180702 152346 24 12 76 18
20180702 152347 24 6 92 15
20180702 152348 24 7 75 20
20180702 152349 25 10 69 15
20180702 152350 22 7 79 12
20180702 152351 24 6 74 16
20180702 152352 31 7 87 13
20180702 152353 30 9 78 18
20180702 152354 25 10 74 27
20180702 152355 25 11 80 26
20180702 152356 25 8 74 19
20180702 152357 25 9 81 11
20180702 152358 25 9 82 18
20180702 152359 21 2 81 16
20180702 152400 28 3 91 18
20180702 152401 27 14 88 19
20180702 152402 25 8 85 16
20180702 152403 25 11 75 19
20180702 152404 24 7 75 20
20180702 152405 30 8 76 21
20180702 152406 35 5 83 21
20180702 152407 21 10 82 19
20180702 152408 28 9 83 14
20180702 152409 27 12 77 22
20180702 152410 23 9 70 18
20180702 152411 25 5 77 13
20180702 152412 24 8 71 14
20180702 152413 28 12 89 26
20180702 152414 22 9 74 11
20180702 152415 24 5 75 20
20180702 152416 33 8 89 13
20180702 152417 26 9 82 15
20180702 152418 28 8 82 19
20180702 152419 28 8 78 21
20180702 152420 27 7 79 16
20180702 152421 32 3 71 18
20180702 152422 27 5 81 9
20180702 152424 30 8 74 23
20180702 152425 27 9 79 27
20180702 152426 29 9 77 17
20180702 152427 25 8 85 14
20180702 152428 32 11 81 20
20180702 152429 20 3 78 16
20180702 152430 29 4 71 16
20180702 152431 22 3 72 25
20180702 152432 23 7 83 16
20180702 152433 29 7 69 17
20180702 152434 32 8 90 24
20180702 152435 23 12 79 21
20180702 152436 26 4 74 20
20180702 152437 29 12 75 14
20180702 152438 24 9 83 17
20180702 152439 29 8 68 8
20180702 152440 33 14 77 16
20180702 152441 23 7 71 17
20180702 152442 20 11 71 13
20180702 152443 29 6 93 19
20180702 152444 26 13 75 19
20180702 152445 29 7 78 20
20180702 152446 27 6 79 20
20180702 152447 22 9 81 18
20180702 152448 31 14 81 15
20180702 152449 32 9 80 20
20180702 152450 19 7 77 21
20180702 152451 24 7 74 17
20180702 152452 22 9 70 20
20180702 152453 33 9 79 12
20180702 152454 25 7 86 20
20180702 152455 30 0 80 20
20180702 152456 24 11 84 17
20180702 152457 29 13 80 15
20180702 152458 27 4 74 18
20180702 152459 22 9 83 16
20180702 152500 25 8 77 17
20180702 152501 32 14 78 14
20180702 152503 28 5 77 9
20180702 152504 23 11 69 21
20180702 152505 34 9 76 21
20180702 152506 26 4 80 19
20180702 152507 28 7 79 12
20180702 152508 27 13 87 20
20180702 152509 31 12 84 14
20180702 152510 26 10 82 10
20180702 152511 25 6 80 18
20180702 152512 25 5 82 12
20180702 152513 23 8 89 21
20180702 152514 29 14 78 19
20180702 152515 27 8 75 18
20180702 152516 26 13 69 16
20180702 152517 29 7 85 19
20180702 152518 25 6 65 18
20180702 152519 28 6 82 21
20180702 152520 27 7 76 15
20180702 152521 24 7 70 18
20180702 152522 22 6 70 19
20180702 152523 20 8 81 26
20180702 152524 26 16 71 20
20180702 152525 20 5 75 21
20180702 152526 21 6 89 21
20180702 152527 26 9 65 17
20180702 152528 30 8 81 21
20180702 152529 36 4 82 27
20180702 152530 27 13 75 13
20180702 152531 23 5 84 20
20180702 152532 24 13 76 22
20180702 152533 30 5 76 23
20180702 152534 28 7 69 17
20180702 152535 25 7 76 19
20180702 152536 23 9 85 20
20180702 152537 24 6 86 22
20180702 152538 28 8 71 22
20180702 152539 26 12 77 25
20180702 152540 30 9 88 24
20180702 152541 25 5 91 13
20180702 152543 26 5 87 21
20180702 152544 24 14 77 17
20180702 152545 30 11 88 11
20180702 152546 28 3 84 14
20180702 152547 31 8 87 22
20180702 152548 27 13 78 17
20180702 152549 25 8 73 18
20180702 152550 23 11 72 16
20180702 152551 27 6 84 19
20180702 152552 26 3 86 16
20180702 152553 36 5 87 22
20180702 152554 28 8 65 13
20180702 152555 23 3 73 24
20180702 152556 26 9 81 15
20180702 152557 31 7 79 19
20180702 152558 28 2 81 13
20180702 152559 18 9 84 14
20180702 152600 27 6 72 14
20180702 152601 31 9 81 16
20180702 152602 24 -1 82 11
20180702 152603 27 9 70 13
20180702 152604 32 11 83 13
20180702 152605 30 7 80 13
20180702 152606 18 9 80 19
20180702 152607 22 9 74 21
20180702 152608 23 8 72 19
20180702 152609 28 2 89 16
20180702 152610 29 4 91 13
20180702 152611 25 6 75 15
20180702 152612 23 8 76 24
20180702 152613 23 12 95 18
20180702 152614 30 6 82 16
20180702 152615 19 8 86 10
20180702 152616 28 10 72 24
20180702 152617 29 2 78 19
20180702 152618 21 10 89 14
20180702 152619 31 7 77 17
20180702 152620 31 6 73 18
20180702 152622 36 11 79 28
20180702 152623 31 7 82 20
20180702 152624 26 12 76 19
20180702 152625 29 1 85 15
20180702 152626 27 2 81 23
20180702 152627 28 9 71 15
20180702 152628 30 2 88 26
20180702 152629 34 6 77 23
20180702 152630 24 7 81 14
20180702 152631 35 4 74 22
20180702 152632 24 10 81 14
20180702 152633 27 8 79 21
20180702 152634 26 7 81 22
20180702 152635 21 9 74 19
20180702 152636 29 6 82 14
20180702 152637 23 9 78 21
20180702 152638 26 13 78 14
20180702 152639 26 7 73 19
20180702 152640 26 10 77 15
20180702 152641 28 8 88 16
20180702 152642 29 3 69 21
20180702 152643 22 4 79 18
20180702 152644 24 8 77 18
20180702 152645 30 5 80 12
20180702 152646 31 6 92 16
20180702 152647 27 8 85 11
20180702 152648 26 7 71 21
20180702 152649 31 5 77 17
20180702 152650 24 7 82 14
20180702 152651 29 14 69 22
20180702 152652 23 10 88 14
20180702 152653 23 8 77 17
20180702 152654 32 7 81 17
20180702 152655 31 12 75 20
20180702 152656 26 10 75 25
20180702 152657 24 8 83 16
20180702 152658 33 8 73 16
20180702 152659 19 16 72 10
20180702 152700 23 10 70 12
20180702 152702 29 6 81 26
20180702 152703 32 8 81 18
20180702 152704 27 7 84 11
20180702 152705 27 8 79 19
20180702 152706 35 5 77 10
20180702 152707 30 6 84 13
20180702 152708 27 10 79 20
20180702 152709 26 13 70 17
20180702 152710 27 5 81 14
20180702 152711 26 9 73 19
20180702 152712 34 13 81 19
20180702 152713 22 3 82 20
20180702 152714 28 9 85 21
20180702 152715 25 10 80 15
20180702 152716 23 14 77 23
20180702 152717 30 7 81 23
20180702 152718 31 3 80 13
20180702 152719 24 3 79 19
20180702 152720 27 9 71 24
20180702 152721 25 11 79 21
20180702 152722 27 3 77 9
20180702 152723 29 1 81 18
20180702 152724 17 10 81 25
20180702 152725 27 6 96 10
20180702 152726 28 9 78 22
20180702 152727 32 5 87 17
20180702 152728 23 4 72 15
20180702 152729 29 6 86 19
20180702 152730 22 9 80 12
20180702 152731 20 4 80 15
20180702 152732 28 14 78 18
20180702 152733 25 11 67 20
20180702 152734 31 6 86 24
20180702 152735 23 12 83 9
20180702 152736 24 10 85 18
20180702 152737 28 4 79 21
20180702 152738 25 3 81 16
20180702 152739 25 6 79 17
20180702 152741 32 6 83 19
20180702 152742 21 4 69 14
20180702 152743 30 13 81 21
20180702 152744 29 10 66 16
20180702 152745 30 7 74 15
20180702 152746 25 7 79 15
20180702 152747 28 8 78 23
20180702 152748 27 2 76 19
20180702 152749 27 10 69 19
20180702 152750 24 12 80 10
20180702 152751 25 11 82 15
20180702 152752 24 10 87 16
20180702 152753 27 8 86 16
20180702 152754 24 4 85 16
20180702 152755 22 3 85 22
20180702 152756 24 12 76 15
20180702 152757 26 7 88 12
20180702 152758 31 6 82 12
20180702 152759 23 8 85 13
20180702 152800 26 5 84 22
20180702 152801 20 7 83 16
20180702 152802 22 4 71 13
20180702 152803 18 8 80 25
20180702 152804 34 9 83 17
20180702 152805 28 6 78 22
20180702 152806 28 7 70 16
20180702 152807 35 7 77 20
20180702 152808 27 11 78 18
20180702 152809 21 10 69 16
20180702 152810 31 12 85 19
20180702 152811 29 -1 74 12
20180702 152812 20 2 91 22
20180702 152813 28 8 72 15
20180702 152814 27 1 87 13
20180702 152815 22 8 74 18
20180702 152816 25 7 87 15
20180702 152817 27 6 84 17
20180702 152818 26 0 71 16
20180702 152820 25 9 79 16
20180702 152821 25 7 83 11
20180702 152822 26 6 86 21
20180702 152823 22 4 69 21
20180702 152824 30 7 71 20
20180702 152825 33 7 81 16
20180702 152826 26 9 84 15
20180702 152827 34 5 65 18
20180702 152828 30 5 83 21
20180702 152829 27 4 81 16
20180702 152830 21 4 83 19
20180702 152831 33 9 86 19
20180702 152832 25 12 74 13
20180702 152833 31 5 86 22
20180702 152834 23 13 78 20
20180702 152835 22 5 76 18
20180702 152836 20 5 78 23
20180702 152837 31 12 69 17
20180702 152838 34 15 76 17
20180702 152839 22 11 91 12
20180702 152840 32 5 72 15
20180702 152841 22 12 72 14
20180702 152842 20 6 80 19
20180702 152843 27 4 83 27
20180702 152844 26 6 78 11
20180702 152845 26 7 74 12
20180702 152846 36 6 75 16
20180702 152847 23 15 86 17
20180702 152848 23 4 66 16
20180702 152849 24 6 79 22
20180702 152850 34 9 87 15
20180702 152851 29 7 72 17
20180702 152852 31 5 84 16
20180702 152853 25 5 76 15
20180702 152854 31 11 77 20
20180702 152855 25 7 78 9
20180702 152856 31 9 70 20
20180702 152857 21 16 76 19
20180702 152858 27 9 86 16
20180702 152900 34 10 94 17
20180702 152901 29 3 73 18
20180702 152902 33 8 81 22
20180702 152903 27 13 82 14
20180702 152904 27 11 83 21
20180702 152905 21 5 70 15
20180702 152906 22 8 78 12
20180702 152907 29 8 82 13
20180702 152908 26 7 82 24
20180702 152909 19 10 83 9
20180702 152910 27 6 77 16
20180702 152911 26 1 76 20
20180702 152912 28 9 78 16
20180702 152913 24 7 78 17
20180702 152914 27 10 85 19
20180702 152915 37 6 83 20
20180702 152916 28 12 80 16
20180702 152917 27 12 81 16
20180702 152918 30 6 70 17
20180702 152919 28 3 85 21
20180702 152920 23 11 78 12
20180702 152921 23 3 69 13
20180702 152922 25 4 79 24
20180702 152923 27 12 76 18
20180702 152924 30 8 74 23
20180702 152925 26 1 87 23
20180702 152926 31 6 80 17
20180702 152927 28 8 82 21
20180702 152928 35 8 85 19
20180702 152929 27 7 71 17
20180702 152930 22 4 90 16
20180702 152931 19 9 77 16
20180702 152932 29 5 84 14
20180702 152933 29 2 74 12
20180702 152934 25 6 83 24
20180702 152935 31 12 73 16
20180702 152936 28 11 78 16
20180702 152937 21 2 92 11
20180702 152939 26 10 82 16
20180702 152940 18 2 66 23
20180702 152941 26 13 69 19
20180702 152942 30 6 74 20
20180702 152943 35 7 84 16
20180702 152944 23 11 74 20
20180702 152945 24 1 71 21
20180702 152946 28 7 69 19
20180702 152947 32 11 77 21
20180702 152948 33 0 81 22
20180702 152949 23 9 79 16
20180702 152950 29 6 73 18
20180702 152951 26 6 76 17
20180702 152952 29 8 78 24
20180702 152953 22 6 77 16
20180702 152954 23 10 83 17
20180702 152955 28 3 78 14
20180702 152956 28 12 86 16
20180702 152957 30 5 75 19
20180702 152958 34 11 85 25
20180702 152959 36 8 74 12
20180702 153000 19 3 83 19
20180702 153001 31 11 72 16
20180702 153002 27 8 75 18
20180702 153003 30 7 81 13
20180702 153004 27 4 87 20
20180702 153005 28 4 81 18
20180702 153006 31 12 84 20
20180702 153007 27 7 71 23
20180702 153008 24 10 80 21
20180702 153009 27 4 77 16
20180702 153010 34 5 79 11
20180702 153011 34 8 82 19
20180702 153012 24 8 83 13
20180702 153013 26 7 75 18
20180702 153014 30 0 77 17
20180702 153015 30 9 76 21
20180702 153016 28 13 83 18
20180702 153017 21 7 87 21
20180702 153019 33 5 76 23
20180702 153020 23 4 76 15
20180702 153021 33 6 88 15
20180702 153022 24 10 70 17
20180702 153023 32 10 77 16
20180702 153024 27 7 91 8
20180702 153025 29 15 74 24
20180702 153026 27 6 90 20
20180702 153027 25 8 82 27
20180702 153028 23 2 67 22
20180702 153029 21 5 79 9
20180702 153030 21 14 84 19
20180702 153031 25 9 77 19
20180702 153032 30 6 79 22
20180702 153033 27 10 80 23
20180702 153034 27 6 73 20
20180702 153035 20 9 76 19
20180702 153036 23 8 76 12
20180702 153037 25 5 75 13
20180702 153038 29 6 82 20
20180702 153039 21 6 76 20
20180702 153040 34 5 79 14
20180702 153041 30 9 84 20
20180702 153042 22 8 70 16
20180702 153043 30 13 69 19
20180702 153044 28 6 82 22
20180702 153045 23 9 72 17
20180702 153046 27 7 83 20
20180702 153047 27 9 83 18
20180702 153048 29 6 73 13
20180702 153049 28 9 85 20
20180702 153050 34 10 73 22
20180702 153051 32 8 73 12
20180702 153052 28 8 75 20
20180702 153053 28 10 79 17
20180702 153054 21 11 82 11
20180702 153055 24 10 71 18
20180702 153056 30 6 71 21
20180702 153058 24 7 78 24
20180702 153059 28 9 76 16
20180702 153100 31 7 72 18
20180702 153101 27 4 73 20
20180702 153102 28 3 77 17
20180702 153103 23 8 78 18
20180702 153104 29 8 82 16
20180702 153105 25 10 73 16
20180702 153106 25 9 82 15
20180702 153107 21 3 78 18
20180702 153108 24 3 84 21
20180702 153109 21 6 77 17
20180702 153110 26 11 95 14
20180702 153111 30 1 90 26
20180702 153112 29 12 81 14
20180702 153113 29 4 69 16
20180702 153114 29 10 85 16
20180702 153115 24 4 72 15
20180702 153116 31 11 72 20
20180702 153117 20 7 82 15
20180702 153118 31 6 72 14
20180702 153119 31 4 78 20
20180702 153120 26 4 73 20
20180702 153121 27 13 84 22
20180702 153122 23 9 82 10
20180702 153123 28 7 71 17
20180702 153124 29 3 83 25
20180702 153125 29 6 78 24
20180702 153126 31 8 83 14
20180702 153127 25 3 72 20
20180702 153128 27 12 86 19
20180702 153129 21 12 75 19
20180702 153130 30 7 89 15
20180702 153131 30 4 77 21
20180702 153132 23 6 78 19
20180702 153133 24 4 74 18
20180702 153134 31 5 81 17
20180702 153135 30 10 77 18
20180702 153136 22 11 76 23
20180702 153138 26 7 82 9
20180702 153139 30 15 71 21
20180702 153140 25 7 79 18
20180702 153141 28 14 82 15
20180702 153142 27 9 67 12
20180702 153143 19 12 97 13
20180702 153144 18 10 78 19
20180702 153145 23 8 83 17
20180702 153146 22 1 79 14
20180702 153147 25 6 77 19
20180702 153148 23 9 76 19
20180702 153149 24 6 77 17
20180702 153150 19 10 76 18
20180702 153151 26 7 74 14
20180702 153152 21 4 86 28
20180702 153153 30 13 78 22
20180702 153154 24 8 73 19
20180702 153155 30 12 81 19
20180702 153156 26 9 81 16
20180702 153157 26 12 68 19
20180702 153158 24 11 83 10
20180702 153159 26 11 73 11
20180702 153200 26 14 75 19
20180702 153201 20 6 89 18
20180702 153202 27 8 81 22
20180702 153203 29 8 67 18
20180702 153204 24 7 71 20
20180702 153205 26 5 80 21
20180702 153206 25 3 80 19
20180702 153207 21 6 77 17
20180702 153208 17 13 67 24
20180702 153209 28 4 68 18
20180702 153210 31 8 85 21
20180702 153211 23 12 85 17
20180702 153212 29 3 77 24
20180702 153213 33 10 88 15
20180702 153214 30 9 73 15
20180702 153215 24 7 85 20
20180702 153217 23 8 68 18
20180702 153218 24 10 76 19
20180702 153219 23 5 80 15
20180702 153220 29 3 83 17
20180702 153221 28 14 87 22
20180702 153222 20 4 72 25
20180702 153223 31 7 77 25
20180702 153224 28 8 83 21
20180702 153225 30 10 78 14
20180702 153226 31 12 76 25
20180702 153227 32 5 82 13
20180702 153228 30 5 78 13
20180702 153229 26 10 74 11
20180702 153230 29 4 89 18
20180702 153231 30 9 72 18
20180702 153232 31 5 86 20
20180702 153233 32 8 73 25
20180702 153234 27 2 85 22
20180702 153235 22 9 76 23
20180702 153236 27 2 75 15
20180702 153237 25 7 72 22
20180702 153238 29 9 86 16
20180702 153239 18 7 82 26
20180702 153240 22 9 82 15
20180702 153241 22 7 82 12
20180702 153242 34 9 69 17
20180702 153243 23 7 86 16
20180702 153244 26 3 73 18
20180702 153245 25 9 87 20
20180702 153246 26 11 70 13
20180702 153247 33 4 72 19
20180702 153248 30 3 72 14
20180702 153249 24 6 75 19
20180702 153250 28 9 75 14
20180702 153251 28 5 73 23
20180702 153252 25 10 79 15
20180702 153253 28 9 85 16
20180702 153254 24 6 68 22
20180702 153256 21 3 77 21
20180702 153257 23 10 85 27
20180702 153258 36 10 84 18
20180702 153259 29 8 73 10
20180702 153300 29 8 87 24
20180702 153301 24 11 83 18
20180702 153302 25 5 93 19
20180702 153303 21 9 81 19
20180702 153304 33 5 80 23
20180702 153305 21 10 84 21
20180702 153306 36 12 92 26
20180702 153307 24 7 83 14
20180702 153308 25 9 73 20
20180702 153309 30 6 67 22
20180702 153310 30 12 67 22
20180702 153311 30 6 73 20
20180702 153312 22 11 89 14
20180702 153313 30 6 82 16
20180702 153314 23 4 75 14
20180702 153315 26 6 96 15
20180702 153316 30 3 81 14
20180702 153317 32 0 85 27
20180702 153318 23 11 78 18
20180702 153319 23 6 75 25
20180702 153320 19 10 79 16
20180702 153321 23 7 83 16
20180702 153322 25 6 76 16
20180702 153323 33 6 75 27
20180702 153324 22 2 74 16
20180702 153325 23 7 89 14
20180702 153326 23 7 69 15
20180702 153327 33 6 75 24
20180702 153328 29 0 76 21
20180702 153329 26 6 75 18
20180702 153330 34 8 79 15
20180702 153331 23 10 82 14
20180702 153332 30 11 77 14
20180702 153333 19 8 71 16
20180702 153334 33 6 72 17
20180702 153336 23 11 78 14
20180702 153337 29 5 81 17
20180702 153338 28 12 72 16
20180702 153339 24 8 81 20
20180702 153340 24 8 87 22
20180702 153341 24 6 72 21
20180702 153342 26 12 87 20
20180702 153343 28 9 80 13
20180702 153344 26 5 81 14
20180702 153345 25 8 87 19
20180702 153346 30 11 75 11
20180702 153347 23 4 80 21
20180702 153348 26 7 86 15
20180702 153349 30 12 81 15
20180702 153350 33 9 80 19
20180702 153351 29 5 94 16
20180702 153352 30 1 80 17
20180702 153353 28 9 88 17
20180702 153354 30 7 86 19
20180702 153355 32 12 83 18
20180702 153356 30 11 82 24
20180702 153357 24 9 69 15
20180702 153358 23 10 79 18
20180702 153359 36 6 83 20
20180702 153400 22 5 89 19
20180702 153401 20 2 89 26
20180702 153402 30 6 83 18
20180702 153403 36 8 95 18
20180702 153404 23 8 77 16
20180702 153405 27 6 71 22
20180702 153406 30 8 88 18
20180702 153407 25 9 85 13
20180702 153408 22 13 86 17
20180702 153409 30 4 77 20
20180702 153410 26 9 71 12
20180702 153411 24 3 69 10
20180702 153412 25 10 88 22
20180702 153413 29 11 76 15
20180702 153415 30 3 72 17
20180702 153416 20 6 74 19
20180702 153417 26 11 68 16
20180702 153418 26 4 83 17
20180702 153419 31 8 93 18
20180702 153420 26 1 75 17
20180702 153421 25 4 73 22
20180702 153422 24 7 79 17
20180702 153423 31 10 74 9
20180702 153424 19 11 79 20
20180702 153425 24 6 73 20
20180702 153426 22 9 73 22
20180702 153427 29 6 75 20
20180702 153428 21 8 89 18
20180702 153429 29 8 85 22
20180702 153430 22 4 88 19
20180702 153431 32 8 75 10
20180702 153432 28 10 71 18
20180702 153433 23 8 86 17
20180702 153434 28 10 72 19
20180702 153435 33 11 71 13
20180702 153436 25 5 72 15
20180702 153437 22 7 87 15
20180702 153438 26 5 90 25
20180702 153439 31 11 79 22
20180702 153440 25 9 85 19
20180702 153441 22 3 76 19
20180702 153442 26 9 76 20
20180702 153443 28 5 87 24
20180702 153444 31 6 76 21
20180702 153445 26 6 76 24
20180702 153446 30 11 71 16
20180702 153447 25 6 74 13
20180702 153448 29 6 71 18
20180702 153449 23 6 85 12
20180702 153450 31 9 75 22
20180702 153451 32 6 75 11
20180702 153452 25 2 88 14
20180702 153453 27 5 84 24
20180702 153455 26 8 79 16
20180702 153456 30 2 72 16
20180702 153457 19 7 86 16
20180702 153458 27 9 82 18
20180702 153459 22 12 92 20
20180702 153500 26 11 78 14
20180702 153501 20 7 83 18
20180702 153502 17 6 83 22
20180702 153503 24 4 79 23
20180702 153504 28 7 73 14
20180702 153505 33 8 74 13
20180702 153506 24 4 74 21
20180702 153507 28 10 75 18
20180702 153508 31 8 81 18
20180702 153509 18 5 90 21
20180702 153510 27 10 74 11
20180702 153511 24 9 66 12
20180702 153512 27 5 86 22
20180702 153513 29 9 83 17
20180702 153514 25 13 72 13
20180702 153515 23 6 69 14
20180702 153516 28 3 78 23
20180702 153517 23 7 72 20
20180702 153518 30 11 82 14
20180702 153519 20 5 83 20
20180702 153520 29 4 80 14
20180702 153521 24 5 79 20
20180702 153522 28 13 84 19
20180702 153523 25 4 72 11
20180702 153524 25 6 68 13
20180702 153525 24 12 76 18
20180702 153526 30 10 77 22
20180702 153527 23 10 79 22
20180702 153528 24 7 83 15
20180702 153529 23 7 76 16
20180702 153530 32 3 82 21
20180702 153531 27 5 82 12
20180702 153532 26 10 74 15
20180702 153534 28 11 78 17
20180702 153535 27 4 77 25
20180702 153536 30 10 79 20
20180702 153537 24 12 83 18
20180702 153538 25 10 73 13
20180702 153539 24 10 72 19
20180702 153540 23 13 77 22
20180702 153541 29 5 85 16
20180702 153542 28 7 82 22
20180702 153543 25 5 74 15
20180702 153544 25 6 76 18
20180702 153545 24 5 74 10
20180702 153546 29 4 78 22
20180702 153547 22 8 84 25
20180702 153548 24 8 85 22
20180702 153549 26 6 87 13
20180702 153550 28 13 73 16
20180702 153551 29 11 85 18
20180702 153552 30 14 72 8
20180702 153553 24 13 88 19
20180702 153554 25 7 83 18
20180702 153555 33 14 83 14
20180702 153556 20 2 74 16
20180702 153557 27 2 77 14
20180702 153558 31 6 72 21
20180702 153559 20 9 73 13
20180702 153600 31 11 72 15
20180702 153601 36 13 71 22
20180702 153602 26 3 70 15
20180702 153603 20 7 76 19
20180702 153604 26 9 87 23
20180702 153605 20 14 77 18
20180702 153606 23 10 79 12
20180702 153607 30 2 77 23
20180702 153608 18 8 86 17
20180702 153609 25 3 79 12
20180702 153610 21 11 85 15
20180702 153611 18 5 75 21
20180702 153612 28 7 72 9
20180702 153614 31 7 84 17
20180702 153615 20 8 78 14
20180702 153616 22 13 79 10
20180702 153617 22 4 71 16
20180702 153618 26 12 82 22
20180702 153619 22 8 78 16
20180702 153620 35 6 86 12
20180702 153621 24 8 81 22
20180702 153622 27 11 83 14
20180702 153623 29 11 83 16
20180702 153624 29 13 71 16
20180702 153625 31 8 78 18
20180702 153626 24 8 70 18
20180702 153627 32 5 90 17
20180702 153628 31 8 87 17
20180702 153629 29 11 71 16
20180702 153630 26 7 78 21
20180702 153631 24 6 75 17
20180702 153632 24 8 79 21
20180702 153633 25 9 76 22
20180702 153634 24 7 80 16
20180702 153635 30 8 83 23
20180702 153636 27 14 78 17
20180702 153637 26 9 78 19
20180702 153638 26 5 83 17
20180702 153639 28 13 69 14
20180702 153640 26 14 90 26
20180702 153641 28 11 71 9
20180702 153642 24 5 69 14
20180702 153643 30 9 75 18
20180702 153644 26 9 75 18
20180702 153645 26 4 81 15
20180702 153646 25 7 79 18
20180702 153647 24 8 85 16
20180702 153648 25 11 81 21
20180702 153649 29 8 80 18
20180702 153650 25 4 72 20
20180702 153651 27 8 76 17
20180702 153653 25 5 87 14
20180702 153654 24 5 74 18
20180702 153655 34 3 84 10
20180702 153656 23 12 80 16
20180702 153657 23 7 68 11
20180702 153658 31 8 72 19
20180702 153659 20 9 79 14
20180702 153700 27 9 90 17
20180702 153701 22 7 80 17
20180702 153702 27 3 82 21
20180702 153703 25 9 78 27
20180702 153704 23 4 88 16
20180702 153705 23 4 88 16
20180702 153706 26 11 73 17
20180702 153707 28 10 71 26
20180702 153708 28 7 87 13
20180702 153709 26 5 86 21
20180702 153710 31 10 83 20
20180702 153711 26 13 85 19
20180702 153712 30 2 78 19
20180702 153713 29 9 80 18
20180702 153714 29 7 79 17
20180702 153715 32 7 75 27
20180702 153716 24 13 70 20
20180702 153717 29 8 71 16
20180702 153718 27 4 89 15
20180702 153719 30 11 76 19
20180702 153720 25 13 83 24
20180702 153721 21 5 82 14
20180702 153722 31 9 74 21
20180702 153723 21 4 76 15
20180702 153724 28 8 90 13
20180702 153725 28 12 71 16
20180702 153726 32 9 87 22
20180702 153727 26 9 79 23
20180702 153728 26 7 79 22
20180702 153729 25 6 93 16
20180702 153730 22 11 86 18
20180702 153731 31 10 80 21
20180702 153733 29 6 74 16
20180702 153734 26 11 81 20
20180702 153735 21 9 76 22
20180702 153736 32 10 83 11
20180702 153737 25 3 87 19
20180702 153738 25 4 80 16
20180702 153739 32 6 75 19
20180702 153740 31 12 73 13
20180702 153741 20 7 70 20
20180702 153742 25 13 71 17
20180702 153743 32 7 87 15
20180702 153744 21 9 65 24
20180702 153745 29 12 73 20
20180702 153746 26 8 77 11
20180702 153747 29 11 81 17
20180702 153748 23 8 82 18
20180702 153749 31 5 72 16
20180702 153750 27 11 67 22
20180702 153751 29 1 77 22
20180702 153752 32 7 74 20
20180702 153753 25 7 75 9
20180702 153754 19 5 83 15
20180702 153755 20 5 67 14
20180702 153756 30 5 81 23
20180702 153757 23 5 79 21
20180702 153758 27 8 88 24
20180702 153759 25 8 86 13
20180702 153800 33 9 79 15
20180702 153801 28 13 79 20
20180702 153802 26 14 71 17
20180702 153803 26 7 90 19
20180702 153804 26 9 78 17
20180702 153805 25 8 78 13
20180702 153806 26 9 90 22
20180702 153807 25 8 73 15
20180702 153808 29 9 84 16
20180702 153809 22 6 73 18
20180702 153810 28 5 76 19
20180702 153812 24 13 82 19
20180702 153813 19 8 71 13
20180702 153814 27 3 84 21
20180702 153815 28 14 87 17
20180702 153816 21 11 80 16
20180702 153817 29 8 93 13
20180702 153818 34 5 77 17
20180702 153819 27 7 74 13
20180702 153820 24 10 89 16
20180702 153821 29 7 83 18
20180702 153822 30 5 75 23
20180702 153823 23 9 67 20
20180702 153824 23 6 78 18
20180702 153825 28 9 75 20
20180702 153826 24 8 84 19
20180702 153827 22 0 84 14
20180702 153828 26 10 74 20
20180702 153829 30 9 81 22
20180702 153830 24 10 80 23
20180702 153831 26 3 79 21
20180702 153832 25 4 87 13
20180702 153833 30 10 76 20
20180702 153834 29 9 83 19
20180702 153835 25 6 88 22
20180702 153836 29 11 77 18
20180702 153837 31 8 88 16
20180702 153838 30 5 82 18
20180702 153839 21 2 78 12
20180702 153840 33 1 75 20
20180702 153841 25 6 82 20
20180702 153842 28 8 78 26
20180702 153843 21 6 71 22
20180702 153844 26 4 88 16
20180702 153845 25 3 75 18
20180702 153846 29 4 89 13
20180702 153847 23 8 76 15
20180702 153848 28 7 82 15
20180702 153849 23 5 87 19
20180702 153851 25 3 87 17
20180702 153852 25 8 74 11
20180702 153853 25 10 70 19
20180702 153854 24 11 70 15
20180702 153855 30 11 76 27
20180702 153856 21 6 81 10
20180702 153857 33 7 83 18
20180702 153858 25 0 66 16
20180702 153859 23 5 84 11
20180702 153900 25 3 77 25
20180702 153901 21 8 87 15
20180702 153902 27 7 91 16
20180702 153903 25 9 75 14
20180702 153904 17 11 82 21
20180702 153905 30 8 89 26
20180702 153906 24 12 74 16
20180702 153907 27 3 83 15
20180702 153908 27 6 70 18
20180702 153909 21 9 72 22
20180702 153910 30 7 69 21
20180702 153911 24 7 76 21
20180702 153912 29 11 76 19
20180702 153913 26 5 88 10
20180702 153914 26 5 86 27
20180702 153915 22 7 66 18
20180702 153916 28 5 91 20
20180702 153917 26 11 82 11
20180702 153918 24 12 68 17
20180702 153919 24 8 78 16
20180702 153920 28 11 80 21
20180702 153921 24 7 73 13
20180702 153922 28 2 93 19
20180702 153923 28 8 68 23
20180702 153924 23 13 72 17
20180702 153925 24 12 93 13
20180702 153926 29 4 68 16
20180702 153927 28 10 90 15
20180702 153928 22 8 84 12
20180702 153929 32 7 68 17
20180702 153931 28 10 66 19
20180702 153932 22 8 90 10
20180702 153933 25 7 77 25
20180702 153934 29 8 81 22
20180702 153935 37 3 78 15
20180702 153936 35 5 87 19
20180702 153937 18 5 77 18
20180702 153938 24 8 81 22
20180702 153939 30 13 69 17
20180702 153940 34 9 74 19
20180702 153941 22 0 76 17
20180702 153942 30 2 81 14
20180702 153943 25 11 83 24
20180702 153944 25 13 74 20
20180702 153945 21 4 80 17
20180702 153946 21 8 91 10
20180702 153947 24 6 73 12
20180702 153948 21 13 77 13
20180702 153949 25 8 82 17
20180702 153950 31 10 66 18
20180702 153951 24 4 66 12
20180702 153952 29 9 82 19
20180702 153953 29 13 88 15
20180702 153954 32 6 77 18
20180702 153955 33 8 76 20
20180702 153956 23 11 75 14
20180702 153957 30 10 68 14
20180702 153958 22 7 90 25
20180702 153959 23 7 71 13
20180702 154000 24 9 68 17
20180702 154001 29 5 82 18
20180702 154002 26 7 82 21
20180702 154003 32 9 70 15
20180702 154004 24 11 81 20
20180702 154005 28 7 82 22
20180702 154006 24 8 90 21
20180702 154007 28 4 76 11
20180702 154008 30 11 73 15
20180702 154010 32 5 75 12
20180702 154011 27 8 78 24
20180702 154012 21 8 71 26
20180702 154013 19 8 71 27
20180702 154014 19 9 76 16
20180702 154015 30 11 81 19
20180702 154016 30 7 72 20
20180702 154017 30 10 93 18
20180702 154018 29 3 79 24
20180702 154019 25 7 78 14
20180702 154020 23 8 84 20
20180702 154021 33 6 78 19
20180702 154022 25 5 82 9
20180702 154023 27 15 75 14
20180702 154024 25 12 89 15
20180702 154025 20 8 85 19
20180702 154026 29 6 71 16
20180702 154027 28 6 83 18
20180702 154028 22 1 85 25
20180702 154029 26 12 82 17
20180702 154030 33 10 77 18
20180702 154031 25 7 79 17
20180702 154032 28 12 74 21
20180702 154033 24 12 82 17
20180702 154034 20 8 82 14
20180702 154035 23 8 81 14
20180702 154036 22 10 83 17
20180702 154037 22 15 83 22
20180702 154038 19 7 86 12
20180702 154039 26 11 79 17
20180702 154040 24 3 75 19
20180702 154041 26 9 76 14
20180702 154042 30 5 66 21
20180702 154043 23 2 78 17
20180702 154044 22 8 89 21
20180702 154045 29 7 78 26
20180702 154046 30 5 72 14
20180702 154047 33 7 78 22
20180702 154048 23 11 76 21
20180702 154050 22 14 83 18
20180702 154051 22 7 72 10
20180702 154052 26 6 80 17
20180702 154053 31 13 83 21
20180702 154054 33 5 77 13
20180702 154055 21 3 79 19
20180702 154056 24 5 71 19
20180702 154057 25 9 85 20
20180702 154058 25 7 75 21
20180702 154059 29 7 66 12
20180702 154100 26 12 67 22
20180702 154101 35 14 76 16
20180702 154102 23 11 78 20
20180702 154103 20 10 87 25
20180702 154104 26 6 81 17
20180702 154105 27 1 78 14
20180702 154106 24 14 78 18
20180702 154107 22 8 94 15
20180702 154108 28 6 79 17
20180702 154109 25 11 72 17
20180702 154110 21 6 72 18
20180702 154111 24 7 83 14
20180702 154112 25 8 75 15
20180702 154113 22 10 77 24
20180702 154114 35 8 85 19
20180702 154115 21 13 80 17
20180702 154116 20 8 84 24
20180702 154117 26 6 85 13
20180702 154118 25 9 89 16
20180702 154119 22 7 81 18
20180702 154120 34 8 74 12
20180702 154121 20 12 80 21
20180702 154122 26 2 73 17
20180702 154123 24 13 70 8
20180702 154124 29 5 79 15
20180702 154125 29 8 87 23
20180702 154126 24 6 82 22
20180702 154127 19 5 73 16
20180702 154129 26 4 79 15
20180702 154130 23 5 85 16
20180702 154131 29 8 91 17
20180702 154132 28 4 83 18
20180702 154133 24 8 74 15
20180702 154134 28 12 74 11
20180702 154135 22 5 76 15
20180702 154136 28 8 89 17
20180702 154137 23 6 82 22
20180702 154138 28 4 72 18
20180702 154139 24 6 68 14
20180702 154140 31 11 78 14
20180702 154141 29 5 78 19
20180702 154142 26 4 90 22
20180702 154143 19 5 79 17
20180702 154144 23 12 70 14
20180702 154145 27 7 74 18
20180702 154146 24 10 80 21
20180702 154147 28 8 86 14
20180702 154148 25 3 76 25
20180702 154149 24 13 80 21
20180702 154150 26 8 72 16
20180702 154151 21 8 89 20
20180702 154152 20 7 87 19
20180702 154153 22 9 88 20
20180702 154154 24 6 73 16
20180702 154155 29 8 89 18
20180702 154156 22 7 79 19
20180702 154157 27 7 70 18
20180702 154158 32 9 77 19
20180702 154159 35 8 78 16
20180702 154200 28 6 78 17
20180702 154201 26 9 78 18
20180702 154202 31 10 83 16
20180702 154203 32 3 75 21
20180702 154204 28 2 89 14
20180702 154205 27 8 81 21
20180702 154206 26 4 77 16
20180702 154207 28 14 82 13
20180702 154209 31 6 66 18
20180702 154210 25 8 81 11
20180702 154211 28 5 70 16
20180702 154212 26 9 77 20
20180702 154213 30 7 71 21
20180702 154214 24 5 82 11
20180702 154215 23 4 72 16
20180702 154216 24 6 74 20
20180702 154217 32 2 85 19
20180702 154218 21 9 74 19
20180702 154219 26 12 66 16
20180702 154220 24 9 87 15
20180702 154221 23 0 76 26
20180702 154222 19 5 76 15
20180702 154223 34 2 78 17
20180702 154224 24 5 76 17
20180702 154225 27 13 67 17
20180702 154226 27 0 80 17
20180702 154227 28 9 85 19
20180702 154228 32 9 80 23
20180702 154229 24 7 77 12
20180702 154230 27 6 81 18
20180702 154231 27 1 83 18
20180702 154232 26 4 88 15
20180702 154233 28 11 87 26
20180702 154234 29 4 79 18
20180702 154235 33 5 81 17
20180702 154236 25 8 70 14
20180702 154237 25 7 87 19
20180702 154238 29 10 73 18
20180702 154239 32 9 80 10
20180702 154240 31 8 79 16
20180702 154241 26 7 74 11
20180702 154242 31 5 81 16
20180702 154243 24 9 76 17
20180702 154244 18 7 84 17
20180702 154245 24 4 76 18
20180702 154246 28 7 80 22
20180702 154248 28 2 77 24
20180702 154249 25 8 78 16
20180702 154250 25 9 77 16
20180702 154251 30 8 76 20
20180702 154252 24 13 74 16
20180702 154253 25 7 81 16
20180702 154254 30 9 74 11
20180702 154255 30 7 78 19
20180702 154256 29 5 76 13
20180702 154257 29 8 76 15
20180702 154258 25 10 77 15
20180702 154259 27 11 83 13
20180702 154300 23 5 83 14
20180702 154301 29 9 80 18
20180702 154302 28 7 70 15
20180702 154303 25 4 81 17
20180702 154304 24 3 74 19
20180702 154305 25 8 70 12
20180702 154306 28 9 67 19
20180702 154307 25 9 71 27
20180702 154308 21 6 76 17
20180702 154309 33 8 81 17
20180702 154310 23 7 82 17
20180702 154311 29 12 74 16
20180702 154312 24 7 81 19
20180702 154313 29 11 75 24
20180702 154314 32 7 75 16
20180702 154315 22 11 79 11
20180702 154316 22 9 77 23
20180702 154317 31 8 67 19
20180702 154318 27 8 84 19
20180702 154319 25 5 82 21
20180702 154320 25 9 77 16
20180702 154321 33 9 84 14
20180702 154322 25 6 75 20
20180702 154323 25 8 74 18
20180702 154324 35 11 91 17
20180702 154325 27 2 78 21
20180702 154327 27 7 70 13
20180702 154328 20 7 74 14
20180702 154329 27 14 84 18
20180702 154330 23 7 84 10
20180702 154331 35 6 87 14
20180702 154332 35 8 73 12
20180702 154333 25 6 69 14
20180702 154334 27 10 70 20
20180702 154335 37 11 83 17
20180702 154336 32 8 70 14
20180702 154337 25 13 71 19
20180702 154338 27 11 86 22
20180702 154339 23 12 72 20
20180702 154340 24 8 82 22
20180702 154341 27 5 79 14
20180702 154342 32 10 70 15
20180702 154343 31 4 71 14
20180702 154344 25 5 76 22
20180702 154345 34 8 70 14
20180702 154346 25 12 93 17
20180702 154347 29 5 78 20
20180702 154348 27 8 79 20
20180702 154349 25 4 78 24
20180702 154350 30 8 80 21
20180702 154351 25 11 77 16
20180702 154352 32 8 83 21
20180702 154353 25 15 80 15
20180702 154354 22 7 77 16
20180702 154355 27 8 72 20
20180702 154356 21 9 73 15
20180702 154357 21 7 74 17
20180702 154358 25 4 73 16
20180702 154359 32 11 96 15
20180702 154400 33 6 83 22
20180702 154401 22 3 87 24
20180702 154402 24 7 86 15
20180702 154403 25 9 73 18
20180702 154404 25 2 73 10
20180702 154405 27 5 77 26
20180702 154407 29 10 82 20
20180702 154408 28 5 77 25
20180702 154409 28 3 68 9
20180702 154410 30 2 66 17
20180702 154411 30 12 96 20
20180702 154412 26 9 74 25
20180702 154413 21 9 88 15
20180702 154414 28 13 91 19
20180702 154415 27 13 69 17
20180702 154416 23 2 78 22
20180702 154417 32 3 87 15
20180702 154418 20 8 80 20
20180702 154419 28 6 90 19
20180702 154420 26 6 72 15
20180702 154421 17 11 87 19
20180702 154422 29 7 79 14
20180702 154423 25 4 70 16
20180702 154424 22 10 77 17
20180702 154425 24 5 87 20
20180702 154426 33 1 74 13
20180702 154427 28 10 87 21
20180702 154428 29 8 78 18
20180702 154429 24 2 74 26
20180702 154430 25 9 78 22
20180702 154431 25 6 84 10
20180702 154432 25 6 78 19
20180702 154433 28 3 70 16
20180702 154434 23 9 73 15
20180702 154435 20 6 91 15
20180702 154436 24 6 86 13
20180702 154437 20 2 74 14
20180702 154438 27 9 69 18
20180702 154439 35 8 94 15
20180702 154440 31 12 82 17
20180702 154441 25 7 79 23
20180702 154442 30 11 90 16
20180702 154443 22 4 76 20
20180702 154444 25 4 78 19
20180702 154446 26 4 76 20
20180702 154447 28 9 85 17
20180702 154448 27 6 88 20
20180702 154449 23 6 71 19
20180702 154450 27 8 73 21
20180702 154451 30 5 72 20
20180702 154452 21 8 72 18
20180702 154453 21 4 80 15
20180702 154454 26 6 90 23
20180702 154455 31 8 80 23
20180702 154456 32 6 73 15
20180702 154457 35 9 75 20
20180702 154458 31 12 73 25
20180702 154459 29 14 74 25
20180702 154500 34 11 73 18
20180702 154501 27 8 72 14
20180702 154502 23 12 83 24
20180702 154503 22 10 76 14
20180702 154504 26 6 72 22
20180702 154505 31 4 77 17
20180702 154506 33 9 71 17
20180702 154507 21 9 74 17
20180702 154508 26 5 77 15
20180702 154509 23 10 86 17
20180702 154510 30 6 81 18
20180702 154511 29 2 75 18
20180702 154512 30 5 71 18
20180702 154513 32 8 85 25
20180702 154514 25 9 87 12
20180702 154515 23 8 88 14
20180702 154516 22 10 94 11
20180702 154517 22 11 89 19
20180702 154518 27 7 87 14
20180702 154519 24 9 73 21
20180702 154520 32 4 70 16
20180702 154521 26 3 75 14
20180702 154522 24 10 90 22
20180702 154523 37 5 76 21
20180702 154524 30 4 75 17
20180702 154526 26 10 83 19
20180702 154527 30 5 69 19
20180702 154528 28 10 83 17
20180702 154529 26 10 73 16
20180702 154530 33 6 76 17
20180702 154531 28 1 71 15
20180702 154532 29 7 85 18
20180702 154533 20 6 80 12
20180702 154534 34 8 75 13
20180702 154535 31 4 74 21
20180702 154536 26 9 75 20
20180702 154537 27 7 84 18
20180702 154538 17 13 72 12
20180702 154539 31 8 74 13
20180702 154540 36 13 73 10
20180702 154541 24 8 82 18
20180702 154542 29 8 85 22
20180702 154543 24 8 90 9
20180702 154544 25 4 84 18
20180702 154545 24 6 84 19
20180702 154546 27 5 71 17
20180702 154547 28 10 71 19
20180702 154548 27 8 79 20
20180702 154549 25 3 77 16
20180702 154550 30 13 73 13
20180702 154551 27 7 85 13
20180702 154552 28 5 73 20
20180702 154553 29 8 78 17
20180702 154554 31 8 71 22
20180702 154555 24 8 68 24
20180702 154556 28 14 77 12
20180702 154557 30 5 79 11
20180702 154558 24 7 69 16
20180702 154559 30 8 76 11
20180702 154600 28 7 76 14
20180702 154601 23 10 86 21
20180702 154602 25 12 77 24
20180702 154603 19 11 81 18
20180702 154605 23 6 71 18
20180702 154606 27 10 76 18
20180702 154607 25 9 69 18
20180702 154608 23 6 91 23
20180702 154609 33 7 77 17
20180702 154610 21 10 87 14
20180702 154611 19 6 78 18
20180702 154612 24 9 77 22
20180702 154613 22 10 86 19
20180702 154614 23 9 79 12
20180702 154615 28 5 76 15
20180702 154616 28 5 77 12
20180702 154617 29 6 83 25
20180702 154618 27 10 72 17
20180702 154619 28 10 76 20
20180702 154620 30 13 79 19
20180702 154621 27 9 76 14
20180702 154622 23 10 75 19
20180702 154623 29 5 81 19
20180702 154624 31 3 70 15
20180702 154625 27 5 73 22
20180702 154626 20 8 78 19
20180702 154627 26 8 90 14
20180702 154628 22 5 78 22
20180702 154629 25 8 78 19
20180702 154630 26 13 75 14
20180702 154631 18 11 85 18
20180702 154632 26 10 68 22
20180702 154633 29 6 90 15
20180702 154634 23 11 78 27
20180702 154635 30 7 85 11
20180702 154636 24 10 70 18
20180702 154637 30 1 81 17
20180702 154638 36 11 65 22
20180702 154639 22 10 83 16
20180702 154640 20 10 77 17
20180702 154641 29 7 88 14
20180702 154642 25 7 71 19
20180702 154643 21 5 75 17
20180702 154645 25 4 77 16
20180702 154646 28 10 76 24
20180702 154647 32 9 78 26
20180702 154648 21 11 72 15
20180702 154649 25 14 81 21
20180702 154650 18 10 73 25
20180702 154651 27 6 81 15
20180702 154652 27 13 68 14
20180702 154653 33 5 80 18
20180702 154654 28 6 69 14
20180702 154655 27 6 79 10
20180702 154656 24 7 74 13
20180702 154657 24 9 67 18
20180702 154658 30 9 74 17
20180702 154659 20 12 76 11
20180702 154700 25 5 74 17
20180702 154701 27 7 76 15
20180702 154702 28 7 90 14
20180702 154703 30 11 80 15
20180702 154704 26 4 82 22
20180702 154705 25 7 71 15
20180702 154706 22 11 84 13
20180702 154707 30 6 78 19
20180702 154708 21 11 82 22
20180702 154709 22 7 68 21
20180702 154710 33 9 78 14
20180702 154711 27 8 80 16
20180702 154712 18 5 88 20
20180702 154713 28 8 65 18
20180702 154714 30 9 87 17
20180702 154715 22 12 86 15
20180702 154716 28 15 77 14
20180702 154717 28 5 76 18
20180702 154718 28 11 76 17
20180702 154719 25 11 70 10
20180702 154720 30 7 82 20
20180702 154721 24 8 72 13
20180702 154722 25 3 90 14
20180702 154724 34 8 71 12
20180702 154725 22 9 84 11
20180702 154726 23 9 85 16
20180702 154727 27 4 77 17
20180702 154728 27 12 71 19
20180702 154729 29 5 87 17
20180702 154730 22 3 65 19
20180702 154731 29 7 80 21
20180702 154732 28 7 75 26
20180702 154733 25 3 94 18
20180702 154734 22 5 87 15
20180702 154735 23 9 67 16
20180702 154736 24 5 88 15
20180702 154737 25 6 70 14
20180702 154738 31 7 77 15
20180702 154739 33 5 87 15
20180702 154740 20 5 67 15
20180702 154741 25 13 72 22
20180702 154742 21 9 80 16
20180702 154743 22 6 75 21
20180702 154744 25 9 66 13
20180702 154745 20 3 72 18
20180702 154746 32 8 77 18
20180702 154747 28 8 83 20
20180702 154748 28 12 75 19
20180702 154749 29 1 74 12
20180702 154750 25 11 75 18
20180702 154751 26 7 72 14
20180702 154752 33 3 77 22
20180702 154753 31 10 82 23
20180702 154754 18 14 70 14
20180702 154755 28 6 89 17
20180702 154756 31 7 80 19
20180702 154757 26 8 81 17
20180702 154758 24 11 70 17
20180702 154759 32 6 70 14
20180702 154800 25 0 83 18
20180702 154801 30 8 74 17
20180702 154802 25 8 81 19
20180702 154804 21 5 69 21
