20180702 154839 27 2 83 13
20180702 154840 19 6 74 13
20180702 154841 31 2 74 20
20180702 154842 21 12 87 16
20180702 154843 17 12 69 7
20180702 154844 20 4 72 17
20180702 154845 21 5 93 15
20180702 154846 21 13 83 19
20180702 154847 20 11 80 13
20180702 154848 25 3 87 13
20180702 154849 17 8 89 16
20180702 154850 20 7 84 22
20180702 154851 20 7 93 13
20180702 154852 19 6 83 14
20180702 154854 21 14 79 15
20180702 154855 19 8 86 9
20180702 154856 18 2 75 15
20180702 154857 22 6 76 17
20180702 154858 24 8 72 19
20180702 154859 24 3 76 9
20180702 154900 20 8 88 15
20180702 154901 22 5 73 14
20180702 154902 23 3 84 21
20180702 154903 15 8 85 19
20180702 154904 24 6 83 14
20180702 154905 24 8 78 15
20180702 154906 20 7 78 15
20180702 154907 25 7 80 18
20180702 154908 26 5 73 17
20180702 154909 16 6 69 21
20180702 154910 19 4 91 18
20180702 154911 26 8 89 19
20180702 154912 20 6 71 13
20180702 154913 21 9 89 9
20180702 154914 16 6 75 7
20180702 154915 23 5 83 19
20180702 154916 20 6 82 15
20180702 154917 21 2 89 17
20180702 154918 18 13 69 11
20180702 154919 23 9 70 11
20180702 154920 27 14 77 11
20180702 154921 28 4 82 15
20180702 154922 16 5 80 13
20180702 154923 22 4 80 10
20180702 154924 17 3 91 8
20180702 154925 27 4 70 13
20180702 154926 26 10 86 14
20180702 154927 26 7 78 14
20180702 154928 23 6 80 21
20180702 154929 18 6 81 16
20180702 154930 19 11 90 16
20180702 154931 23 10 80 20
20180702 154932 21 10 71 21
20180702 154934 24 4 77 14
20180702 154935 24 5 85 10
20180702 154936 19 3 85 11
20180702 154937 19 10 85 14
20180702 154938 18 5 79 17
20180702 154939 26 4 89 12
20180702 154940 24 10 76 18
20180702 154941 15 4 81 11
20180702 154942 19 10 67 18
20180702 154943 20 4 90 15
20180702 154944 23 3 69 6
20180702 154945 24 4 74 16
20180702 154946 23 10 84 20
20180702 154947 26 10 83 22
20180702 154948 21 9 69 10
20180702 154949 24 10 91 17
20180702 154950 20 5 98 15
20180702 154951 30 12 72 7
20180702 154952 28 8 76 13
20180702 154953 25 11 81 22
20180702 154954 19 7 80 16
20180702 154955 13 12 81 12
20180702 154956 21 10 86 18
20180702 154957 21 6 84 18
20180702 154958 27 9 75 15
20180702 154959 30 3 87 10
20180702 155000 16 1 70 15
20180702 155001 29 6 74 11
20180702 155002 22 4 87 14
20180702 155003 19 4 93 11
20180702 155004 23 4 80 19
20180702 155005 21 4 71 14
20180702 155006 27 5 87 15
20180702 155007 16 0 73 8
20180702 155008 23 10 84 15
20180702 155009 26 13 76 13
20180702 155010 16 7 81 16
20180702 155011 24 8 80 21
20180702 155013 23 2 90 11
20180702 155014 27 9 82 14
20180702 155015 21 4 75 20
20180702 155016 17 3 79 9
20180702 155017 20 6 88 19
20180702 155018 20 13 81 12
20180702 155019 20 5 79 13
20180702 155020 29 3 74 12
20180702 155021 26 5 77 16
20180702 155022 16 11 68 18
20180702 155023 21 3 76 18
20180702 155024 24 5 83 10
20180702 155025 18 7 80 20
20180702 155026 20 12 75 16
20180702 155027 22 4 90 15
20180702 155028 16 10 85 15
20180702 155029 23 7 85 16
20180702 155030 19 7 82 16
20180702 155031 17 13 84 16
20180702 155032 18 3 72 17
20180702 155033 27 8 84 12
20180702 155034 18 7 78 16
20180702 155035 15 10 89 16
20180702 155036 19 6 82 13
20180702 155037 20 8 86 11
20180702 155038 24 -1 72 16
20180702 155039 20 4 76 13
20180702 155040 24 5 80 16
20180702 155041 20 6 78 14
20180702 155042 16 5 86 13
20180702 155043 21 9 79 14
20180702 155044 26 5 91 22
20180702 155045 23 7 80 11
20180702 155046 24 5 91 8
20180702 155047 21 8 81 16
20180702 155048 22 7 81 24
20180702 155049 15 9 71 13
20180702 155050 26 8 78 11
20180702 155052 20 10 74 18
20180702 155053 23 5 90 13
20180702 155054 21 4 89 20
20180702 155055 25 6 89 13
20180702 155056 29 11 83 22
20180702 155057 26 8 81 14
20180702 155058 22 5 75 14
20180702 155059 18 4 86 18
20180702 155100 22 8 89 12
20180702 155101 24 3 76 15
20180702 155102 15 9 76 9
20180702 155103 18 6 84 14
20180702 155104 26 11 79 15
20180702 155105 23 5 88 16
20180702 155106 26 6 91 21
20180702 155107 20 7 74 16
20180702 155108 21 7 78 20
20180702 155109 18 8 76 19
20180702 155110 20 6 74 19
20180702 155111 22 2 82 17
20180702 155112 24 6 80 20
20180702 155113 23 1 79 13
20180702 155114 20 7 86 17
20180702 155115 18 4 79 15
20180702 155116 22 8 85 9
20180702 155117 18 9 87 14
20180702 155118 25 4 86 11
20180702 155119 17 4 74 18
20180702 155120 24 12 82 12
20180702 155121 14 4 86 14
20180702 155122 24 10 75 9
20180702 155123 19 10 81 15
20180702 155124 25 12 85 16
20180702 155125 24 10 85 13
20180702 155126 20 5 81 7
20180702 155127 23 3 90 15
20180702 155128 20 7 75 17
20180702 155129 22 3 84 18
20180702 155130 18 7 71 14
20180702 155132 17 8 72 23
20180702 155133 22 4 70 7
20180702 155134 19 10 80 11
20180702 155135 22 9 81 13
20180702 155136 23 4 74 17
20180702 155137 25 7 84 12
20180702 155138 17 8 76 15
20180702 155139 18 12 77 16
20180702 155140 22 6 83 16
20180702 155141 21 10 70 19
20180702 155142 17 7 90 15
20180702 155143 15 10 79 11
20180702 155144 26 5 83 13
20180702 155145 27 4 72 14
20180702 155146 22 9 91 16
20180702 155147 27 10 68 16
20180702 155148 20 7 91 16
20180702 155149 16 11 83 16
20180702 155150 18 7 75 22
20180702 155151 23 1 67 17
20180702 155152 26 7 90 15
20180702 155153 21 10 81 17
20180702 155154 21 9 77 24
20180702 155155 13 8 79 18
20180702 155156 18 6 79 14
20180702 155157 18 6 78 18
20180702 155158 23 5 76 12
20180702 155159 21 4 78 14
20180702 155200 19 2 75 22
20180702 155201 16 4 78 20
20180702 155202 23 6 91 14
20180702 155203 19 10 87 16
20180702 155204 17 3 83 18
20180702 155205 24 6 73 19
20180702 155206 18 7 86 13
20180702 155207 16 5 76 17
20180702 155208 21 4 74 11
20180702 155209 23 6 70 10
20180702 155211 28 6 79 14
20180702 155212 20 7 91 13
20180702 155213 22 7 90 15
20180702 155214 18 5 86 19
20180702 155215 19 4 84 17
20180702 155216 21 6 82 14
20180702 155217 16 5 88 14
20180702 155218 18 9 70 21
20180702 155219 23 6 81 14
20180702 155220 23 8 88 22
20180702 155221 23 7 71 14
20180702 155222 26 10 75 18
20180702 155223 18 9 91 15
20180702 155224 22 7 92 9
20180702 155225 20 13 75 10
20180702 155226 22 4 84 16
20180702 155227 22 9 94 18
20180702 155228 19 6 80 14
20180702 155229 15 5 86 14
20180702 155230 20 7 83 12
20180702 155231 22 5 84 8
20180702 155232 21 13 76 17
20180702 155233 26 10 95 11
20180702 155234 26 12 79 9
20180702 155235 24 2 86 13
20180702 155236 22 6 82 13
20180702 155237 22 9 85 12
20180702 155238 25 7 73 11
20180702 155239 18 10 95 19
20180702 155240 21 8 83 19
20180702 155241 23 6 73 6
20180702 155242 19 4 78 13
20180702 155243 27 9 96 13
20180702 155244 27 5 78 24
20180702 155245 24 5 78 13
20180702 155246 20 6 92 11
20180702 155247 18 6 85 17
20180702 155248 19 4 79 16
20180702 155249 24 5 77 11
20180702 155251 22 5 69 15
20180702 155252 18 11 87 13
20180702 155253 19 10 73 9
20180702 155254 24 1 68 14
20180702 155255 23 12 81 20
20180702 155256 18 11 76 14
20180702 155257 20 1 91 21
20180702 155258 18 10 82 20
20180702 155259 15 3 85 16
20180702 155300 22 11 74 10
20180702 155301 22 9 85 10
20180702 155302 19 6 83 11
20180702 155303 24 2 81 17
20180702 155304 18 13 89 12
20180702 155305 27 9 92 11
20180702 155306 22 6 76 23
20180702 155307 26 14 76 16
20180702 155308 24 1 84 17
20180702 155309 26 10 82 13
20180702 155310 17 6 73 14
20180702 155311 21 9 82 7
20180702 155312 18 14 74 15
20180702 155313 30 6 91 15
20180702 155314 14 7 88 14
20180702 155315 14 7 80 17
20180702 155316 19 2 84 15
20180702 155317 24 8 71 18
20180702 155318 27 11 78 15
20180702 155319 20 5 87 9
20180702 155320 21 3 81 17
20180702 155321 23 6 83 21
20180702 155322 17 6 68 13
20180702 155323 16 11 84 15
20180702 155324 30 2 78 18
20180702 155325 28 8 71 15
20180702 155326 22 8 82 11
20180702 155327 19 4 80 17
20180702 155328 26 5 90 12
20180702 155330 16 2 81 17
20180702 155331 22 5 86 14
20180702 155332 23 7 72 17
20180702 155333 16 2 78 19
20180702 155334 14 6 90 22
20180702 155335 21 10 87 14
20180702 155336 26 6 69 10
20180702 155337 24 3 77 15
20180702 155338 21 4 72 13
20180702 155339 29 6 91 19
20180702 155340 15 6 74 12
20180702 155341 22 2 79 14
20180702 155342 17 3 77 12
20180702 155343 18 8 78 14
20180702 155344 22 10 81 15
20180702 155345 16 9 71 15
20180702 155346 17 5 87 13
20180702 155347 21 5 77 19
20180702 155348 25 0 87 15
20180702 155349 25 6 85 14
20180702 155350 27 6 84 14
20180702 155351 19 8 74 9
20180702 155352 19 10 78 19
20180702 155353 16 10 78 16
20180702 155354 23 10 78 15
20180702 155355 19 3 87 14
20180702 155356 23 12 94 11
20180702 155357 22 2 76 12
20180702 155358 21 9 80 14
20180702 155359 23 10 76 13
20180702 155400 29 8 77 15
20180702 155401 16 6 79 12
20180702 155402 28 2 87 11
20180702 155403 18 9 74 18
20180702 155404 23 8 86 14
20180702 155405 25 10 84 17
20180702 155406 18 8 85 22
20180702 155407 21 10 83 19
20180702 155408 16 4 84 17
20180702 155410 19 2 83 15
20180702 155411 20 8 72 15
20180702 155412 19 6 73 11
20180702 155413 31 2 70 16
20180702 155414 22 3 74 12
20180702 155415 20 5 68 14
20180702 155416 22 13 72 10
20180702 155417 25 3 77 19
20180702 155418 21 8 75 13
20180702 155419 19 7 75 13
20180702 155420 23 7 88 11
20180702 155421 20 7 80 15
20180702 155422 20 6 70 16
20180702 155423 21 3 76 12
20180702 155424 24 -1 79 13
20180702 155425 20 10 80 16
20180702 155426 28 8 81 12
20180702 155427 22 7 86 11
20180702 155428 13 7 76 9
20180702 155429 24 10 74 8
20180702 155430 23 7 86 12
20180702 155431 21 8 86 14
20180702 155432 17 8 80 15
20180702 155433 15 4 83 19
20180702 155434 24 11 88 14
20180702 155435 24 10 74 19
20180702 155436 30 5 85 12
20180702 155437 32 6 70 11
20180702 155438 17 4 73 11
20180702 155439 17 1 79 16
20180702 155440 25 6 75 15
20180702 155441 26 10 81 15
20180702 155442 20 7 78 13
20180702 155443 16 12 88 15
20180702 155444 24 7 85 20
20180702 155445 29 1 81 19
20180702 155446 23 10 72 16
20180702 155447 19 7 79 14
20180702 155449 20 3 77 15
20180702 155450 25 6 71 16
20180702 155451 15 2 86 17
20180702 155452 27 3 78 13
20180702 155453 21 2 91 19
20180702 155454 24 1 82 11
20180702 155455 17 9 83 16
20180702 155456 23 6 80 12
20180702 155457 23 5 86 14
20180702 155458 22 10 74 19
20180702 155459 23 6 86 22
20180702 155500 29 8 75 12
20180702 155501 27 5 83 9
20180702 155502 23 10 86 21
20180702 155503 27 7 76 16
20180702 155504 20 7 85 16
20180702 155505 15 11 79 14
20180702 155506 21 8 85 12
20180702 155507 21 12 81 19
20180702 155508 20 3 79 15
20180702 155509 24 5 91 10
20180702 155510 27 6 71 13
20180702 155511 21 4 94 18
20180702 155512 23 1 96 15
20180702 155513 19 8 80 16
20180702 155514 19 4 84 20
20180702 155515 15 5 91 20
20180702 155516 25 4 74 6
20180702 155517 19 5 93 17
20180702 155518 26 12 87 12
20180702 155519 15 11 70 11
20180702 155520 19 7 74 20
20180702 155521 28 6 67 15
20180702 155522 18 5 85 19
20180702 155523 18 9 87 20
20180702 155524 19 10 81 17
20180702 155525 15 8 82 17
20180702 155526 14 3 70 14
20180702 155528 17 9 79 16
20180702 155529 29 4 77 16
20180702 155530 24 5 77 10
20180702 155531 21 10 85 15
20180702 155532 22 5 76 12
20180702 155533 12 8 87 13
20180702 155534 27 9 70 14
20180702 155535 24 5 84 24
20180702 155536 23 2 78 22
20180702 155537 21 4 78 16
20180702 155538 22 6 82 16
20180702 155539 24 3 91 18
20180702 155540 20 5 79 17
20180702 155541 24 9 85 24
20180702 155542 21 2 89 11
20180702 155543 22 6 73 17
20180702 155544 26 10 70 11
20180702 155545 19 8 80 16
20180702 155546 21 3 75 17
20180702 155547 21 8 71 12
20180702 155548 27 11 79 15
20180702 155549 19 8 73 21
20180702 155550 16 9 85 12
20180702 155551 21 4 91 15
20180702 155552 26 5 84 18
20180702 155553 22 7 90 19
20180702 155554 19 7 79 10
20180702 155555 19 1 78 21
20180702 155556 27 6 80 11
20180702 155557 24 5 87 11
20180702 155558 22 7 87 12
20180702 155559 25 9 86 21
20180702 155600 21 9 74 12
20180702 155601 23 9 85 8
20180702 155602 27 3 73 12
20180702 155603 25 4 87 12
20180702 155604 24 8 79 15
20180702 155605 22 1 85 9
20180702 155606 19 6 86 7
20180702 155608 26 4 71 15
20180702 155609 25 6 73 18
20180702 155610 22 9 88 14
20180702 155611 26 7 73 12
20180702 155612 24 6 79 15
20180702 155613 23 4 83 12
20180702 155614 22 4 94 14
20180702 155615 28 8 76 15
20180702 155616 27 9 76 14
20180702 155617 16 6 76 16
20180702 155618 27 5 75 13
20180702 155619 21 6 84 14
20180702 155620 18 9 98 19
20180702 155621 25 9 80 12
20180702 155622 31 12 84 21
20180702 155623 20 6 81 13
20180702 155624 24 12 78 9
20180702 155625 23 6 84 15
20180702 155626 20 0 91 22
20180702 155627 25 6 74 21
20180702 155628 22 9 84 13
20180702 155629 18 7 82 22
20180702 155630 22 6 86 12
20180702 155631 22 5 78 18
20180702 155632 19 6 75 23
20180702 155633 23 8 80 13
20180702 155634 22 10 81 10
20180702 155635 18 15 78 16
20180702 155636 25 2 82 23
20180702 155637 32 6 80 15
20180702 155638 18 6 87 15
20180702 155639 24 11 76 11
20180702 155640 20 3 87 23
20180702 155641 19 2 84 15
20180702 155642 22 8 89 11
20180702 155643 22 4 71 13
20180702 155644 19 0 90 18
20180702 155645 25 6 76 13
20180702 155647 15 4 80 15
20180702 155648 22 8 73 15
20180702 155649 21 3 73 19
20180702 155650 26 10 74 22
20180702 155651 26 9 83 17
20180702 155652 18 9 79 14
20180702 155653 21 8 85 17
20180702 155654 28 6 89 16
20180702 155655 26 10 84 8
20180702 155656 27 8 82 15
20180702 155657 25 1 87 19
20180702 155658 26 9 77 19
20180702 155659 23 10 80 16
20180702 155700 17 7 75 17
20180702 155701 22 10 81 20
20180702 155702 26 3 83 20
20180702 155703 21 10 87 17
20180702 155704 19 3 81 15
20180702 155705 28 9 84 13
20180702 155706 20 1 87 13
20180702 155707 21 6 87 13
20180702 155708 20 6 81 17
20180702 155709 15 5 78 11
20180702 155710 19 4 76 17
20180702 155711 21 11 79 15
20180702 155712 32 8 75 8
20180702 155713 20 4 79 10
20180702 155714 20 11 76 8
20180702 155715 21 6 84 17
20180702 155716 16 3 78 15
20180702 155717 21 7 78 12
20180702 155718 17 7 75 16
20180702 155719 24 9 84 17
20180702 155720 20 8 82 10
20180702 155721 22 10 69 20
20180702 155722 22 4 78 22
20180702 155723 27 4 78 19
20180702 155724 29 6 76 20
20180702 155725 21 6 88 12
20180702 155727 17 10 93 13
20180702 155728 25 7 75 15
20180702 155729 19 5 77 17
20180702 155730 15 9 81 15
20180702 155731 24 9 85 14
20180702 155732 16 6 83 22
20180702 155733 21 5 80 15
20180702 155734 28 11 81 14
20180702 155735 21 13 80 14
20180702 155736 22 7 76 18
20180702 155737 18 14 89 16
20180702 155738 15 7 79 18
20180702 155739 29 3 84 9
20180702 155740 18 10 91 18
20180702 155741 22 6 80 13
20180702 155742 29 1 76 12
20180702 155743 21 10 83 21
20180702 155744 21 7 75 15
20180702 155745 17 6 85 9
20180702 155746 22 10 83 14
20180702 155747 16 12 82 17
20180702 155748 22 8 84 16
20180702 155749 21 11 81 21
20180702 155750 21 10 87 13
20180702 155751 19 10 79 8
20180702 155752 14 11 80 15
20180702 155753 20 7 92 10
20180702 155754 18 6 88 8
20180702 155755 28 9 72 14
20180702 155756 24 11 89 13
20180702 155757 18 7 80 16
20180702 155758 15 6 98 6
20180702 155759 19 7 77 16
20180702 155800 21 5 85 14
20180702 155801 18 10 82 15
20180702 155802 21 5 70 15
20180702 155803 26 6 76 15
20180702 155804 22 8 87 15
20180702 155806 18 3 85 14
20180702 155807 18 8 81 19
20180702 155808 27 5 92 13
20180702 155809 19 7 83 14
20180702 155810 25 3 83 12
20180702 155811 20 11 82 11
20180702 155812 25 8 70 13
20180702 155813 19 6 78 23
20180702 155814 15 4 72 13
20180702 155815 14 5 78 16
20180702 155816 22 3 74 21
20180702 155817 20 7 73 12
20180702 155818 14 5 84 7
20180702 155819 17 1 88 16
20180702 155820 19 7 73 17
20180702 155821 19 11 76 15
20180702 155822 27 -1 72 20
20180702 155823 26 12 84 8
20180702 155824 14 3 80 13
20180702 155825 18 10 80 18
20180702 155826 28 6 79 19
20180702 155827 25 9 87 19
20180702 155828 15 6 87 16
20180702 155829 21 1 74 14
20180702 155830 16 10 76 16
20180702 155831 22 6 80 20
20180702 155832 28 0 74 15
20180702 155833 21 2 77 8
20180702 155834 20 7 76 16
20180702 155835 29 7 74 8
20180702 155836 23 0 78 15
20180702 155837 17 5 88 13
20180702 155838 26 5 86 10
20180702 155839 21 9 68 20
20180702 155840 16 11 83 12
20180702 155841 22 6 80 19
20180702 155842 21 2 88 14
20180702 155843 18 5 79 11
20180702 155844 17 5 70 13
20180702 155846 22 10 76 12
20180702 155847 17 7 93 18
20180702 155848 21 4 81 23
20180702 155849 21 2 73 13
20180702 155850 17 4 77 18
20180702 155851 26 9 74 10
20180702 155852 19 6 75 18
20180702 155853 20 10 80 23
20180702 155854 19 6 83 15
20180702 155855 17 11 81 13
20180702 155856 16 3 84 17
20180702 155857 22 12 69 12
20180702 155858 24 9 79 15
20180702 155859 21 6 88 13
20180702 155900 31 11 82 10
20180702 155901 15 6 80 15
20180702 155902 21 6 74 19
20180702 155903 19 3 79 16
20180702 155904 21 7 85 16
20180702 155905 23 6 80 13
20180702 155906 17 9 89 17
20180702 155907 14 6 83 14
20180702 155908 26 6 86 14
20180702 155909 25 1 70 14
20180702 155910 28 6 76 20
20180702 155911 16 10 90 14
20180702 155912 22 5 81 18
20180702 155913 28 5 77 11
20180702 155914 20 8 85 13
20180702 155915 15 3 80 19
20180702 155916 28 8 76 15
20180702 155917 24 4 95 14
20180702 155918 18 3 73 18
20180702 155919 22 5 74 10
20180702 155920 22 9 75 17
20180702 155921 21 10 77 20
20180702 155922 20 2 77 20
20180702 155923 15 7 75 13
20180702 155925 24 8 72 17
20180702 155926 22 3 80 16
20180702 155927 13 10 84 13
20180702 155928 23 8 76 15
20180702 155929 18 6 85 13
20180702 155930 19 11 76 17
20180702 155931 23 5 83 19
20180702 155932 20 2 84 15
20180702 155933 20 9 74 15
20180702 155934 18 13 89 14
20180702 155935 19 5 83 14
20180702 155936 22 6 73 8
20180702 155937 17 7 76 17
20180702 155938 22 7 82 9
20180702 155939 24 5 85 17
20180702 155940 24 12 76 11
20180702 155941 22 12 79 16
20180702 155942 22 8 85 19
20180702 155943 27 7 78 11
20180702 155944 14 2 70 16
20180702 155945 15 7 90 18
20180702 155946 19 14 78 12
20180702 155947 26 9 78 13
20180702 155948 20 7 72 18
20180702 155949 21 3 74 10
20180702 155950 23 6 80 19
20180702 155951 20 6 89 19
20180702 155952 28 5 74 11
20180702 155953 24 11 74 16
20180702 155954 20 7 77 18
20180702 155955 21 4 83 21
20180702 155956 23 9 76 23
20180702 155957 17 6 74 22
20180702 155958 21 5 75 16
20180702 155959 22 9 82 17
20180702 160000 24 9 97 9
20180702 160001 19 8 88 11
20180702 160002 24 7 73 16
20180702 160003 17 4 80 21
20180702 160005 20 4 74 10
20180702 160006 18 7 80 15
20180702 160007 21 2 77 19
20180702 160008 28 13 75 16
20180702 160009 24 1 90 12
20180702 160010 18 4 96 6
20180702 160011 20 8 84 16
20180702 160012 28 11 87 16
20180702 160013 25 3 86 11
20180702 160014 19 8 89 18
20180702 160015 26 8 75 17
20180702 160016 18 9 82 13
20180702 160017 19 5 78 12
20180702 160018 17 6 77 18
20180702 160019 15 8 74 11
20180702 160020 23 6 72 18
20180702 160021 28 2 79 20
20180702 160022 25 11 82 13
20180702 160023 17 6 77 10
20180702 160024 17 6 82 16
20180702 160025 17 6 86 18
20180702 160026 19 11 76 12
20180702 160027 22 2 79 14
20180702 160028 20 8 70 11
20180702 160029 23 6 92 19
20180702 160030 28 7 88 13
20180702 160031 21 5 87 16
20180702 160032 20 13 73 16
20180702 160033 22 4 82 17
20180702 160034 20 6 75 12
20180702 160035 18 4 71 17
20180702 160036 24 0 88 15
20180702 160037 23 6 68 15
20180702 160038 18 7 92 12
20180702 160039 26 4 81 13
20180702 160040 17 6 77 9
20180702 160041 26 6 75 16
20180702 160042 26 8 72 18
20180702 160044 19 8 95 12
20180702 160045 18 4 85 14
20180702 160046 16 2 73 16
20180702 160047 24 7 80 14
20180702 160048 20 10 77 21
20180702 160049 20 7 82 16
20180702 160050 20 9 88 17
20180702 160051 19 4 90 17
20180702 160052 20 8 83 13
20180702 160053 17 10 83 13
20180702 160054 23 8 82 21
20180702 160055 19 11 77 16
20180702 160056 24 9 76 12
20180702 160057 20 5 94 17
20180702 160058 19 5 91 7
20180702 160059 23 6 79 9
20180702 160100 23 4 79 18
20180702 160101 17 5 74 9
20180702 160102 16 5 76 23
20180702 160103 24 7 77 16
20180702 160104 27 10 75 20
20180702 160105 31 11 90 14
20180702 160106 18 6 68 10
20180702 160107 22 14 74 19
20180702 160108 20 6 91 18
20180702 160109 17 3 83 20
20180702 160110 18 5 86 14
20180702 160111 23 0 79 19
20180702 160112 26 3 78 16
20180702 160113 17 8 87 10
20180702 160114 17 11 83 17
20180702 160115 28 9 86 11
20180702 160116 19 13 86 9
20180702 160117 20 6 82 11
20180702 160118 22 10 81 13
20180702 160119 21 2 93 19
20180702 160120 19 9 86 12
20180702 160121 28 8 81 11
20180702 160123 26 8 78 15
20180702 160124 26 5 79 14
20180702 160125 16 0 80 16
20180702 160126 17 5 83 16
20180702 160127 24 6 76 18
20180702 160128 17 12 79 15
20180702 160129 22 7 82 14
20180702 160130 21 9 73 12
20180702 160131 24 11 83 13
20180702 160132 21 8 88 13
20180702 160133 23 12 85 13
20180702 160134 25 12 89 15
20180702 160135 29 8 74 13
20180702 160136 19 9 83 18
20180702 160137 28 4 75 19
20180702 160138 24 8 73 14
20180702 160139 15 8 98 14
20180702 160140 21 9 82 16
20180702 160141 20 5 83 18
20180702 160142 24 7 88 8
20180702 160143 25 8 75 20
20180702 160144 20 5 78 13
20180702 160145 25 4 80 14
20180702 160146 20 7 79 18
20180702 160147 21 9 78 11
20180702 160148 17 7 84 13
20180702 160149 29 4 75 16
20180702 160150 20 4 84 15
20180702 160151 24 7 84 14
20180702 160152 14 10 70 14
20180702 160153 17 12 94 10
20180702 160154 23 11 76 13
20180702 160155 22 1 70 19
20180702 160156 21 11 87 19
20180702 160157 18 6 78 14
20180702 160158 23 9 78 11
20180702 160159 17 7 87 13
20180702 160200 21 7 74 24
20180702 160201 20 11 79 21
20180702 160203 26 12 76 10
20180702 160204 18 8 77 16
20180702 160205 23 4 81 16
20180702 160206 18 14 89 9
20180702 160207 21 6 89 12
20180702 160208 26 9 85 19
20180702 160209 25 7 79 7
20180702 160210 24 8 71 9
20180702 160211 23 3 74 19
20180702 160212 27 8 88 7
20180702 160213 18 3 82 12
20180702 160214 22 1 75 18
20180702 160215 19 7 79 19
20180702 160216 23 7 76 14
20180702 160217 26 5 86 15
20180702 160218 20 6 83 14
20180702 160219 16 8 82 17
20180702 160220 26 0 74 10
20180702 160221 19 5 90 13
20180702 160222 25 10 77 14
20180702 160223 22 6 81 14
20180702 160224 20 10 72 10
20180702 160225 29 7 78 15
20180702 160226 21 5 80 14
20180702 160227 23 4 83 16
20180702 160228 22 5 86 14
20180702 160229 18 10 78 9
20180702 160230 21 11 76 17
20180702 160231 18 7 82 11
20180702 160232 21 9 80 22
20180702 160233 23 7 74 7
20180702 160234 21 8 82 17
20180702 160235 20 2 82 9
20180702 160236 21 2 83 9
20180702 160237 24 10 79 11
20180702 160238 22 10 82 12
20180702 160239 23 1 78 17
20180702 160240 19 6 76 14
20180702 160242 24 11 77 10
20180702 160243 21 6 87 17
20180702 160244 22 7 95 10
20180702 160245 19 9 70 24
20180702 160246 18 6 78 15
20180702 160247 17 9 78 20
20180702 160248 19 5 81 13
20180702 160249 22 1 75 14
20180702 160250 27 12 81 14
20180702 160251 25 6 76 18
20180702 160252 20 8 79 17
20180702 160253 29 11 71 14
20180702 160254 22 3 72 18
20180702 160255 21 3 80 11
20180702 160256 29 3 82 12
20180702 160257 27 7 78 11
20180702 160258 26 4 83 17
20180702 160259 17 8 86 19
20180702 160300 22 6 89 12
20180702 160301 18 6 71 12
20180702 160302 20 7 81 18
20180702 160303 22 3 95 11
20180702 160304 20 4 79 15
20180702 160305 26 8 74 7
20180702 160306 27 7 70 19
20180702 160307 15 6 81 16
20180702 160308 24 5 78 13
20180702 160309 26 7 75 17
20180702 160310 20 4 83 19
20180702 160311 25 6 76 10
20180702 160312 29 5 76 13
20180702 160313 25 14 72 18
20180702 160314 29 11 79 13
20180702 160315 20 5 81 15
20180702 160316 24 7 83 18
20180702 160317 21 8 87 10
20180702 160318 28 9 87 11
20180702 160319 22 9 79 14
20180702 160321 26 7 72 12
20180702 160322 23 6 80 20
20180702 160323 18 3 79 19
20180702 160324 23 6 92 14
20180702 160325 22 6 79 14
20180702 160326 19 2 80 18
20180702 160327 22 -1 81 17
20180702 160328 26 2 80 21
20180702 160329 22 11 74 21
20180702 160330 18 4 77 20
20180702 160331 20 11 75 12
20180702 160332 20 13 89 11
20180702 160333 25 7 78 11
20180702 160334 20 4 74 19
20180702 160335 22 7 87 18
20180702 160336 17 3 85 10
20180702 160337 26 4 74 22
20180702 160338 25 4 73 12
20180702 160339 16 6 74 13
20180702 160340 20 6 80 14
20180702 160341 20 4 75 14
20180702 160342 24 6 77 19
20180702 160343 23 9 88 15
20180702 160344 22 5 78 18
20180702 160345 22 6 88 16
20180702 160346 21 11 82 17
20180702 160347 22 2 84 17
20180702 160348 13 7 85 17
20180702 160349 14 3 76 17
20180702 160350 19 5 87 20
20180702 160351 21 4 74 15
20180702 160352 21 6 85 10
20180702 160353 20 6 82 16
20180702 160354 22 3 71 11
20180702 160355 19 0 77 15
20180702 160356 19 5 70 17
20180702 160357 22 9 78 8
20180702 160358 30 5 78 22
20180702 160400 18 0 82 12
20180702 160401 20 8 85 9
20180702 160402 24 5 76 22
20180702 160403 22 -1 80 16
20180702 160404 23 9 81 10
20180702 160405 23 9 74 14
20180702 160406 23 3 78 12
20180702 160407 26 12 81 16
20180702 160408 18 8 93 13
20180702 160409 26 6 77 21
20180702 160410 23 9 67 18
20180702 160411 21 7 81 13
20180702 160412 22 3 78 13
20180702 160413 22 8 89 15
20180702 160414 21 6 72 12
20180702 160415 27 3 89 19
20180702 160416 18 11 78 8
20180702 160417 21 7 87 14
20180702 160418 21 9 73 13
20180702 160419 24 12 74 13
20180702 160420 25 6 88 16
20180702 160421 21 9 74 14
20180702 160422 21 13 72 13
20180702 160423 23 7 83 15
20180702 160424 21 7 82 10
20180702 160425 20 3 83 19
20180702 160426 23 5 81 15
20180702 160427 26 9 83 7
20180702 160428 20 2 73 14
20180702 160429 26 11 81 14
20180702 160430 22 4 77 9
20180702 160431 18 7 80 14
20180702 160432 16 4 85 13
20180702 160433 22 10 78 14
20180702 160434 21 10 85 16
20180702 160435 24 8 77 12
20180702 160436 20 4 82 8
20180702 160437 13 1 72 15
20180702 160438 23 6 78 13
20180702 160440 20 13 89 13
20180702 160441 13 8 73 21
20180702 160442 16 8 86 18
20180702 160443 26 7 92 15
20180702 160444 22 4 84 17
20180702 160445 20 8 93 8
20180702 160446 15 9 86 12
20180702 160447 26 7 73 11
20180702 160448 23 6 68 12
20180702 160449 27 11 75 14
20180702 160450 16 4 79 16
20180702 160451 21 9 75 12
20180702 160452 26 10 93 13
20180702 160453 21 0 86 15
20180702 160454 23 3 73 14
20180702 160455 21 4 75 18
20180702 160456 14 11 78 9
20180702 160457 20 6 86 14
20180702 160458 25 3 83 13
20180702 160459 22 7 75 16
20180702 160500 27 6 78 15
20180702 160501 19 6 84 18
20180702 160502 17 7 91 14
20180702 160503 29 8 71 17
20180702 160504 26 0 73 19
20180702 160505 20 10 85 15
20180702 160506 25 4 77 9
20180702 160507 24 9 90 11
20180702 160508 23 1 72 17
20180702 160509 26 7 80 18
20180702 160510 29 4 81 11
20180702 160511 16 8 79 10
20180702 160512 28 4 84 12
20180702 160513 26 2 73 15
20180702 160514 22 4 80 12
20180702 160515 23 8 77 12
20180702 160516 19 5 74 15
20180702 160517 20 7 70 6
20180702 160519 25 9 91 20
20180702 160520 30 8 90 8
20180702 160521 19 6 75 17
20180702 160522 24 3 78 13
20180702 160523 14 7 76 12
20180702 160524 27 6 79 10
20180702 160525 14 7 73 11
20180702 160526 24 9 87 11
20180702 160527 20 12 81 19
20180702 160528 24 5 72 17
20180702 160529 24 8 72 12
20180702 160530 20 6 87 15
20180702 160531 18 6 85 22
20180702 160532 21 13 75 10
20180702 160533 21 7 88 7
20180702 160534 15 11 89 13
20180702 160535 27 8 85 11
20180702 160536 24 6 83 22
20180702 160537 19 7 88 21
20180702 160538 19 7 86 19
20180702 160539 18 9 85 21
20180702 160540 25 10 86 15
20180702 160541 18 7 83 12
20180702 160542 20 7 75 9
20180702 160543 21 1 75 14
20180702 160544 19 2 91 16
20180702 160545 23 7 80 15
20180702 160546 28 9 81 17
20180702 160547 24 8 80 13
20180702 160548 13 2 79 21
20180702 160549 26 4 82 22
20180702 160550 19 10 96 11
20180702 160551 24 4 80 22
20180702 160552 25 11 71 14
20180702 160553 24 6 72 22
20180702 160554 25 2 80 18
20180702 160555 27 7 81 13
20180702 160556 20 8 82 16
20180702 160558 22 8 72 15
20180702 160559 18 4 80 19
20180702 160600 25 12 74 18
20180702 160601 23 10 72 18
20180702 160602 22 5 80 14
20180702 160603 28 7 82 16
20180702 160604 23 8 77 14
20180702 160605 17 9 80 8
20180702 160606 24 13 75 15
20180702 160607 20 1 76 11
20180702 160608 24 7 86 15
20180702 160609 20 6 86 10
20180702 160610 24 3 75 8
20180702 160611 16 8 75 19
20180702 160612 20 12 77 12
20180702 160613 25 8 79 13
20180702 160614 17 6 84 11
20180702 160615 21 2 85 12
20180702 160616 24 5 77 12
20180702 160617 21 10 80 12
20180702 160618 22 8 84 12
20180702 160619 27 11 92 10
20180702 160620 22 2 81 9
20180702 160621 24 4 97 14
20180702 160622 26 7 76 12
20180702 160623 17 11 83 15
20180702 160624 28 6 75 11
20180702 160625 21 4 82 15
20180702 160626 20 6 76 16
20180702 160627 30 8 83 17
20180702 160628 19 7 74 20
20180702 160629 15 7 83 19
20180702 160630 22 6 85 15
20180702 160631 24 8 75 16
20180702 160632 19 9 72 17
20180702 160633 13 5 85 12
20180702 160634 19 8 83 16
20180702 160635 20 8 81 14
20180702 160636 22 6 79 10
20180702 160638 25 11 76 15
20180702 160639 16 -1 87 11
20180702 160640 24 3 86 23
20180702 160641 24 8 74 18
20180702 160642 21 2 77 16
20180702 160643 26 9 82 14
20180702 160644 20 6 83 15
20180702 160645 18 13 74 19
20180702 160646 22 2 71 18
20180702 160647 21 7 82 12
20180702 160648 17 4 80 12
20180702 160649 25 8 74 12
20180702 160650 21 2 84 20
20180702 160651 24 4 74 9
20180702 160652 18 9 78 19
20180702 160653 14 9 82 14
20180702 160654 18 11 78 20
20180702 160655 22 9 74 15
20180702 160656 22 9 81 13
20180702 160657 24 5 86 20
20180702 160658 19 2 78 14
20180702 160659 21 8 86 13
20180702 160700 19 4 87 12
20180702 160701 18 6 82 17
20180702 160702 23 5 70 14
20180702 160703 25 9 78 12
20180702 160704 22 8 73 20
20180702 160705 15 4 82 13
20180702 160706 18 3 84 20
20180702 160707 19 4 76 16
20180702 160708 18 9 80 11
20180702 160709 20 13 90 22
20180702 160710 21 4 79 18
20180702 160711 15 2 87 18
20180702 160712 20 1 94 20
20180702 160713 30 11 78 16
20180702 160714 15 4 74 13
20180702 160715 20 5 79 22
20180702 160716 26 8 70 13
20180702 160718 21 2 77 16
20180702 160719 22 4 90 14
20180702 160720 23 4 84 10
20180702 160721 13 2 85 19
20180702 160722 18 2 69 7
20180702 160723 19 9 83 16
20180702 160724 22 9 81 23
20180702 160725 19 13 77 12
20180702 160726 24 7 94 14
20180702 160727 20 5 78 17
20180702 160728 26 14 84 11
20180702 160729 16 7 82 15
20180702 160730 20 7 84 7
20180702 160731 17 6 86 15
20180702 160732 17 13 87 21
20180702 160733 18 6 88 20
20180702 160734 15 3 72 11
20180702 160735 28 13 91 14
20180702 160736 23 -1 74 13
20180702 160737 22 5 81 19
20180702 160738 26 5 93 21
20180702 160739 15 10 82 10
20180702 160740 15 7 96 18
20180702 160741 19 7 81 20
20180702 160742 23 10 84 20
20180702 160743 26 6 87 11
20180702 160744 17 5 79 19
20180702 160745 18 6 81 16
20180702 160746 21 4 74 17
20180702 160747 21 5 92 17
20180702 160748 26 12 83 16
20180702 160749 21 9 88 19
20180702 160750 24 4 78 5
20180702 160751 28 7 87 16
20180702 160752 14 6 73 15
20180702 160753 16 2 70 17
20180702 160754 21 12 79 13
20180702 160755 20 9 70 14
20180702 160757 21 9 95 13
20180702 160758 24 11 74 18
20180702 160759 24 10 85 13
20180702 160800 18 8 78 17
20180702 160801 16 7 83 17
20180702 160802 23 1 81 14
20180702 160803 15 8 75 13
20180702 160804 28 10 81 19
20180702 160805 21 11 72 8
20180702 160806 23 7 84 14
20180702 160807 20 8 76 17
20180702 160808 22 4 86 12
20180702 160809 17 10 96 14
20180702 160810 20 6 75 11
20180702 160811 23 6 81 14
20180702 160812 19 9 77 18
20180702 160813 22 7 68 14
20180702 160814 17 8 77 16
20180702 160815 24 7 82 14
20180702 160816 29 5 73 15
20180702 160817 21 5 78 11
20180702 160818 23 8 77 7
20180702 160819 17 9 82 18
20180702 160820 18 4 86 17
20180702 160821 27 8 83 8
20180702 160822 20 4 82 15
20180702 160823 31 3 77 17
20180702 160824 18 7 74 16
20180702 160825 24 9 79 21
20180702 160826 23 2 80 12
20180702 160827 18 11 78 11
20180702 160828 27 10 98 11
20180702 160829 17 8 95 11
20180702 160830 31 5 88 18
20180702 160831 26 0 77 15
20180702 160832 14 5 78 21
20180702 160833 21 1 87 14
20180702 160834 24 9 73 17
20180702 160835 18 4 73 15
20180702 160837 25 11 84 24
20180702 160838 21 12 76 13
20180702 160839 21 11 77 6
20180702 160840 19 5 77 8
20180702 160841 18 2 72 21
20180702 160842 25 4 83 18
20180702 160843 23 9 93 23
20180702 160844 19 3 79 16
20180702 160845 20 6 69 14
20180702 160846 23 4 81 11
20180702 160847 23 6 86 18
20180702 160848 20 7 71 15
20180702 160849 25 3 80 14
20180702 160850 20 10 81 17
20180702 160851 18 7 69 12
20180702 160852 22 3 81 16
20180702 160853 21 9 75 19
20180702 160854 15 3 72 14
20180702 160855 16 5 83 7
20180702 160856 20 7 76 15
20180702 160857 19 10 81 12
20180702 160858 24 10 73 18
20180702 160859 19 9 78 16
20180702 160900 28 8 77 11
20180702 160901 16 10 76 15
20180702 160902 25 7 95 12
20180702 160903 20 10 77 9
20180702 160904 23 7 83 14
20180702 160905 21 5 80 24
20180702 160906 19 6 82 18
20180702 160907 17 3 72 16
20180702 160908 18 7 87 10
20180702 160909 26 5 81 11
20180702 160910 21 10 93 17
20180702 160911 25 2 80 14
20180702 160912 27 0 81 9
20180702 160913 19 6 80 10
20180702 160914 23 2 75 15
20180702 160916 22 7 74 14
20180702 160917 18 9 78 16
20180702 160918 24 7 76 19
20180702 160919 24 3 75 13
20180702 160920 22 7 79 18
20180702 160921 21 4 89 10
20180702 160922 23 4 84 13
20180702 160923 18 9 75 17
20180702 160924 22 3 91 23
20180702 160925 20 6 94 15
20180702 160926 23 8 78 12
20180702 160927 13 9 77 12
20180702 160928 29 5 73 16
20180702 160929 21 8 83 9
20180702 160930 20 5 68 18
20180702 160931 20 9 68 17
20180702 160932 24 7 97 17
20180702 160933 19 1 93 17
20180702 160934 20 4 82 14
20180702 160935 21 7 83 13
20180702 160936 18 6 71 21
20180702 160937 23 9 87 11
20180702 160938 22 6 80 11
20180702 160939 19 4 84 15
20180702 160940 23 6 75 22
20180702 160941 29 11 77 12
20180702 160942 22 13 78 15
20180702 160943 19 1 78 16
20180702 160944 28 3 70 15
20180702 160945 18 6 89 11
20180702 160946 23 6 71 20
20180702 160947 19 8 82 14
20180702 160948 21 8 83 16
20180702 160949 31 3 91 9
20180702 160950 15 5 85 15
20180702 160951 20 11 83 20
20180702 160952 21 7 89 24
20180702 160953 14 4 72 18
20180702 160954 14 2 87 13
20180702 160956 21 3 79 9
20180702 160957 20 9 82 21
20180702 160958 20 9 95 15
20180702 160959 20 13 95 13
20180702 161000 24 3 87 18
20180702 161001 20 8 84 14
20180702 161002 20 4 72 15
20180702 161003 21 12 88 10
20180702 161004 21 7 73 15
20180702 161005 23 3 73 13
20180702 161006 30 2 78 21
20180702 161007 25 2 75 13
20180702 161008 25 11 85 20
20180702 161009 22 8 82 15
20180702 161010 20 5 83 14
20180702 161011 25 10 85 13
20180702 161012 16 7 86 17
20180702 161013 19 3 74 14
20180702 161014 26 2 94 9
20180702 161015 19 8 72 12
20180702 161016 22 4 84 24
20180702 161017 25 8 83 20
20180702 161018 22 6 78 9
20180702 161019 25 12 86 18
20180702 161020 29 10 75 16
20180702 161021 23 12 84 19
20180702 161022 25 7 96 18
20180702 161023 28 5 84 14
20180702 161024 25 5 75 19
20180702 161025 18 9 81 15
20180702 161026 18 14 70 14
20180702 161027 19 3 73 11
20180702 161028 13 7 77 16
20180702 161029 23 4 77 21
20180702 161030 24 11 80 16
20180702 161031 27 7 84 18
20180702 161032 23 1 86 16
20180702 161033 18 13 78 19
20180702 161035 16 5 85 14
20180702 161036 23 6 84 14
20180702 161037 23 9 80 13
20180702 161038 24 7 76 18
20180702 161039 18 8 76 16
20180702 161040 16 4 86 14
20180702 161041 22 3 85 20
20180702 161042 19 4 81 22
20180702 161043 22 6 82 21
20180702 161044 23 3 85 19
20180702 161045 24 2 85 17
20180702 161046 19 14 70 9
20180702 161047 21 10 74 12
20180702 161048 30 7 73 16
20180702 161049 22 11 78 16
20180702 161050 21 3 81 20
20180702 161051 22 6 80 7
20180702 161052 22 6 87 10
20180702 161053 16 7 80 14
20180702 161054 25 7 93 12
20180702 161055 26 3 85 21
20180702 161056 20 3 77 13
20180702 161057 30 6 84 18
20180702 161058 22 4 75 12
20180702 161059 21 6 69 19
20180702 161100 25 7 88 11
20180702 161101 17 8 70 9
20180702 161102 24 6 83 15
20180702 161103 24 8 95 16
20180702 161104 25 7 82 11
20180702 161105 17 4 81 11
20180702 161106 18 3 93 13
20180702 161107 20 9 86 17
20180702 161108 20 4 91 15
20180702 161109 19 4 82 23
20180702 161110 17 11 86 11
20180702 161111 26 8 78 21
20180702 161112 30 9 80 17
20180702 161113 13 4 85 7
20180702 161115 18 8 92 12
20180702 161116 20 14 68 16
20180702 161117 20 1 84 19
20180702 161118 21 3 84 15
20180702 161119 22 6 68 9
20180702 161120 20 6 71 14
20180702 161121 23 6 81 10
20180702 161122 24 10 72 19
20180702 161123 25 12 88 9
20180702 161124 25 5 78 21
20180702 161125 24 11 87 16
20180702 161126 18 8 80 16
20180702 161127 21 10 75 16
20180702 161128 18 9 84 11
20180702 161129 14 11 81 20
20180702 161130 21 10 86 15
20180702 161131 23 7 76 19
20180702 161132 24 7 80 20
20180702 161133 22 6 88 13
20180702 161134 26 9 90 19
20180702 161135 23 6 88 15
20180702 161136 23 5 81 18
20180702 161137 12 5 92 19
20180702 161138 17 4 76 14
20180702 161139 24 8 74 14
20180702 161140 21 5 70 9
20180702 161141 20 10 78 15
20180702 161142 17 12 77 13
20180702 161143 21 12 88 14
20180702 161144 20 6 85 14
20180702 161145 22 13 89 13
20180702 161146 19 6 83 25
20180702 161147 30 11 80 13
20180702 161148 20 5 85 15
20180702 161149 23 8 84 18
20180702 161150 19 7 76 14
20180702 161151 23 9 86 11
20180702 161152 23 9 92 12
20180702 161154 20 7 86 13
20180702 161155 22 6 78 10
20180702 161156 22 9 82 19
20180702 161157 18 7 71 14
20180702 161158 25 11 83 19
20180702 161159 24 2 71 6
20180702 161200 13 6 91 12
20180702 161201 22 11 85 9
20180702 161202 25 1 82 12
20180702 161203 23 7 82 11
20180702 161204 19 4 79 12
20180702 161205 26 6 83 7
20180702 161206 26 5 70 17
20180702 161207 16 9 67 17
20180702 161208 25 9 75 7
20180702 161209 23 4 74 11
20180702 161210 28 10 77 21
20180702 161211 25 4 77 9
20180702 161212 18 3 84 21
20180702 161213 17 8 88 13
20180702 161214 17 4 76 14
20180702 161215 23 3 90 15
20180702 161216 17 -1 80 16
20180702 161217 18 11 74 14
20180702 161218 19 3 76 15
20180702 161219 17 7 78 12
20180702 161220 25 9 94 13
20180702 161221 24 1 72 11
20180702 161222 19 4 84 18
20180702 161223 21 13 76 16
20180702 161224 21 1 76 12
20180702 161225 23 9 80 21
20180702 161226 23 8 78 17
20180702 161227 19 7 81 11
20180702 161228 20 3 86 13
20180702 161229 19 3 83 12
20180702 161230 29 2 93 16
20180702 161231 19 4 76 17
20180702 161232 21 9 75 12
20180702 161234 22 11 81 11
20180702 161235 24 8 72 12
20180702 161236 28 7 79 15
20180702 161237 21 3 85 11
20180702 161238 13 9 71 4
20180702 161239 23 6 87 19
20180702 161240 19 7 77 21
20180702 161241 13 2 86 14
20180702 161242 27 6 82 14
20180702 161243 25 10 82 19
20180702 161244 23 7 97 15
20180702 161245 25 9 75 17
20180702 161246 22 7 81 12
20180702 161247 23 6 71 12
20180702 161248 26 11 88 14
20180702 161249 19 4 73 13
20180702 161250 21 7 77 12
20180702 161251 26 7 88 15
20180702 161252 17 1 81 12
20180702 161253 21 8 78 19
20180702 161254 22 9 84 23
20180702 161255 29 3 79 16
20180702 161256 17 10 74 14
20180702 161257 24 6 78 13
20180702 161258 16 9 78 11
20180702 161259 29 1 76 7
20180702 161300 19 4 82 19
20180702 161301 25 8 76 14
20180702 161302 22 8 83 13
20180702 161303 17 8 88 13
20180702 161304 25 8 82 20
20180702 161305 20 9 89 10
20180702 161306 21 4 82 6
20180702 161307 30 6 81 23
20180702 161308 18 9 81 7
20180702 161309 23 4 86 17
20180702 161310 18 10 77 21
20180702 161311 29 8 80 15
20180702 161313 19 7 89 12
20180702 161314 18 8 74 10
20180702 161315 22 4 83 15
20180702 161316 21 5 72 14
20180702 161317 18 6 69 10
20180702 161318 24 8 73 21
20180702 161319 23 6 78 16
20180702 161320 27 6 78 15
20180702 161321 24 7 76 20
20180702 161322 29 5 81 13
20180702 161323 24 2 77 17
20180702 161324 17 4 92 10
20180702 161325 20 3 90 14
20180702 161326 18 11 78 12
20180702 161327 24 6 92 16
20180702 161328 20 2 87 14
20180702 161329 16 11 67 10
20180702 161330 26 7 85 10
20180702 161331 20 11 81 17
20180702 161332 19 5 77 11
20180702 161333 20 8 92 17
20180702 161334 22 11 72 14
20180702 161335 23 4 70 24
20180702 161336 26 12 81 12
20180702 161337 23 11 69 18
20180702 161338 31 4 83 18
20180702 161339 21 7 82 19
20180702 161340 30 7 83 12
20180702 161341 21 5 78 17
20180702 161342 20 2 78 13
20180702 161343 22 5 75 19
20180702 161344 20 5 72 15
20180702 161345 17 3 83 15
20180702 161346 20 3 76 17
20180702 161347 18 4 85 16
20180702 161348 18 4 91 12
20180702 161349 16 0 74 16
20180702 161350 21 10 77 17
20180702 161351 23 10 89 20
20180702 161353 19 6 75 12
20180702 161354 21 8 78 13
20180702 161355 23 12 82 15
20180702 161356 22 13 82 18
20180702 161357 24 -1 84 20
20180702 161358 17 8 79 13
20180702 161359 26 9 74 18
20180702 161400 25 9 78 15
20180702 161401 25 6 80 17
20180702 161402 18 4 79 19
20180702 161403 27 4 91 10
20180702 161404 21 8 83 18
20180702 161405 24 6 75 9
20180702 161406 23 4 81 19
20180702 161407 23 7 82 15
20180702 161408 22 9 79 11
20180702 161409 24 8 80 16
20180702 161410 21 9 81 20
20180702 161411 19 8 88 19
20180702 161412 26 10 75 9
20180702 161413 22 8 83 17
20180702 161414 20 8 94 13
20180702 161415 24 7 80 16
20180702 161416 25 9 79 16
20180702 161417 23 7 78 18
20180702 161418 30 5 83 18
20180702 161419 27 5 70 23
20180702 161420 26 6 85 10
20180702 161421 25 8 80 16
20180702 161422 21 6 74 18
20180702 161423 20 7 91 14
20180702 161424 21 6 79 15
20180702 161425 27 7 77 19
20180702 161426 16 5 78 22
20180702 161427 21 9 82 11
20180702 161428 26 8 78 8
20180702 161429 24 11 81 20
20180702 161430 30 9 78 19
20180702 161432 19 7 70 14
20180702 161433 20 9 79 17
20180702 161434 25 7 84 10
20180702 161435 21 9 87 19
20180702 161436 25 4 70 14
20180702 161437 23 5 87 8
20180702 161438 31 7 78 21
20180702 161439 22 14 94 11
20180702 161440 23 5 88 15
20180702 161441 26 2 82 11
20180702 161442 21 7 92 14
20180702 161443 22 6 89 15
20180702 161444 22 2 71 11
20180702 161445 18 6 81 13
20180702 161446 23 9 85 13
20180702 161447 24 7 84 20
20180702 161448 23 2 77 24
20180702 161449 18 5 80 20
20180702 161450 14 12 71 15
20180702 161451 19 3 85 21
20180702 161452 27 7 83 12
20180702 161453 20 5 79 22
20180702 161454 18 10 85 16
20180702 161455 28 4 90 11
20180702 161456 21 9 89 19
20180702 161457 23 4 85 16
20180702 161458 17 3 84 18
20180702 161459 20 3 87 13
20180702 161500 24 9 92 14
20180702 161501 23 5 81 15
20180702 161502 19 5 79 17
20180702 161503 22 3 85 14
20180702 161504 21 7 74 14
20180702 161505 20 6 77 18
20180702 161506 22 3 75 12
20180702 161507 20 10 81 13
20180702 161508 21 4 75 7
20180702 161509 21 10 82 17
20180702 161511 27 12 73 13
20180702 161512 20 9 89 15
20180702 161513 22 12 80 15
20180702 161514 18 3 81 15
20180702 161515 26 4 89 23
20180702 161516 19 8 70 17
20180702 161517 18 10 92 13
20180702 161518 23 9 84 19
20180702 161519 24 9 85 9
20180702 161520 22 7 80 14
20180702 161521 21 6 76 13
20180702 161522 22 6 79 14
20180702 161523 20 11 82 13
20180702 161524 27 4 92 9
20180702 161525 21 7 84 21
20180702 161526 20 9 73 15
20180702 161527 20 3 84 23
20180702 161528 25 6 75 15
20180702 161529 18 7 75 17
20180702 161530 23 9 84 19
20180702 161531 21 9 86 10
20180702 161532 23 11 73 15
20180702 161533 25 5 75 13
20180702 161534 27 9 81 19
20180702 161535 19 8 83 16
20180702 161536 17 6 80 15
20180702 161537 21 11 69 20
20180702 161538 23 6 75 22
20180702 161539 30 11 90 20
20180702 161540 18 10 72 18
20180702 161541 21 7 85 20
20180702 161542 25 1 79 17
20180702 161543 22 5 85 14
20180702 161544 20 1 90 21
20180702 161545 26 8 84 13
20180702 161546 19 8 92 13
20180702 161547 20 3 79 15
20180702 161548 28 6 81 16
20180702 161549 23 7 82 22
20180702 161551 19 11 76 17
20180702 161552 19 7 74 19
20180702 161553 20 6 71 11
20180702 161554 23 6 80 16
20180702 161555 19 7 87 8
20180702 161556 18 8 82 10
20180702 161557 20 4 81 23
20180702 161558 20 8 80 18
20180702 161559 28 6 77 9
20180702 161600 27 10 89 9
20180702 161601 19 7 81 22
20180702 161602 23 13 76 18
20180702 161603 29 7 79 14
20180702 161604 20 9 79 18
20180702 161605 14 10 78 7
20180702 161606 24 8 82 12
20180702 161607 18 3 87 12
20180702 161608 20 5 78 19
20180702 161609 26 2 87 17
20180702 161610 22 6 87 16
20180702 161611 31 10 83 13
20180702 161612 25 3 78 16
20180702 161613 19 5 82 12
20180702 161614 18 10 80 23
20180702 161615 26 10 79 16
20180702 161616 23 7 91 18
20180702 161617 18 10 68 14
20180702 161618 20 7 87 13
20180702 161619 18 5 93 14
20180702 161620 27 5 89 17
20180702 161621 19 6 71 12
20180702 161622 20 1 78 6
20180702 161623 26 13 90 16
20180702 161624 22 7 87 10
20180702 161625 16 13 71 18
20180702 161626 18 8 78 7
20180702 161627 25 8 73 9
20180702 161628 22 7 93 11
20180702 161630 18 7 85 15
20180702 161631 23 6 83 14
20180702 161632 23 5 84 17
20180702 161633 23 6 78 14
20180702 161634 16 10 87 7
20180702 161635 26 4 71 15
20180702 161636 25 7 76 20
20180702 161637 15 6 91 16
20180702 161638 14 6 71 9
20180702 161639 14 7 86 16
20180702 161640 25 8 79 12
20180702 161641 21 2 77 11
20180702 161642 20 10 82 11
20180702 161643 21 4 79 19
20180702 161644 19 12 70 19
20180702 161645 26 11 83 14
20180702 161646 15 8 79 12
20180702 161647 15 0 85 14
20180702 161648 22 8 85 15
20180702 161649 25 9 88 9
20180702 161650 19 1 73 13
20180702 161651 25 9 84 10
20180702 161652 19 5 89 8
20180702 161653 20 6 72 19
20180702 161654 29 7 87 19
20180702 161655 22 6 70 20
20180702 161656 24 4 87 16
20180702 161657 16 7 78 8
20180702 161658 17 7 87 9
20180702 161659 18 2 87 13
20180702 161700 22 9 73 15
20180702 161701 19 5 81 17
20180702 161702 18 9 91 14
20180702 161703 29 4 86 17
20180702 161704 23 5 89 16
20180702 161705 21 3 97 9
20180702 161706 24 13 79 10
20180702 161707 24 12 74 11
20180702 161708 20 4 75 19
20180702 161710 19 9 90 11
20180702 161711 23 3 82 15
20180702 161712 26 3 86 13
20180702 161713 23 8 80 14
20180702 161714 21 6 80 22
20180702 161715 29 9 85 23
20180702 161716 16 2 78 19
20180702 161717 18 5 84 12
20180702 161718 21 8 71 10
20180702 161719 24 7 93 12
20180702 161720 25 3 90 18
20180702 161721 25 11 76 12
20180702 161722 22 6 79 14
20180702 161723 23 9 75 8
20180702 161724 26 7 90 20
20180702 161725 18 8 74 18
20180702 161726 21 3 85 21
20180702 161727 16 14 75 13
20180702 161728 22 10 72 13
20180702 161729 28 6 81 16
20180702 161730 24 10 85 15
20180702 161731 19 11 69 10
20180702 161732 24 6 94 9
20180702 161733 17 6 76 15
20180702 161734 24 12 77 8
20180702 161735 20 6 86 19
20180702 161736 22 8 76 23
20180702 161737 21 7 74 8
20180702 161738 22 6 73 13
20180702 161739 22 6 76 14
20180702 161740 23 7 80 10
20180702 161741 26 10 74 13
20180702 161742 29 3 94 12
20180702 161743 24 7 86 19
20180702 161744 23 2 86 16
20180702 161745 15 7 78 15
20180702 161746 20 7 93 16
20180702 161747 20 7 79 12
20180702 161749 19 9 76 14
20180702 161750 16 12 72 17
20180702 161751 21 9 89 20
20180702 161752 18 10 75 12
20180702 161753 16 5 86 11
20180702 161754 26 3 83 11
20180702 161755 19 14 72 10
20180702 161756 23 2 72 21
20180702 161757 18 7 83 20
20180702 161758 23 6 73 14
20180702 161759 17 7 73 18
20180702 161800 22 -1 73 19
20180702 161801 27 11 70 10
20180702 161802 23 6 93 17
20180702 161803 27 9 80 11
20180702 161804 20 8 70 19
20180702 161805 28 5 92 11
20180702 161806 23 5 88 17
20180702 161807 17 6 92 16
20180702 161808 15 5 74 13
20180702 161809 20 6 88 14
20180702 161810 18 11 83 14
20180702 161811 19 4 82 19
20180702 161812 29 9 84 11
20180702 161813 23 12 78 17
20180702 161814 21 6 87 19
20180702 161815 24 0 68 24
20180702 161816 19 8 84 11
20180702 161817 23 7 90 16
20180702 161818 24 6 76 17
20180702 161819 19 4 80 18
20180702 161820 26 -1 82 18
20180702 161821 19 11 76 17
20180702 161822 19 5 74 10
20180702 161823 17 10 71 10
20180702 161824 15 12 71 14
20180702 161825 20 6 86 18
20180702 161826 17 5 90 14
20180702 161827 24 10 81 18
20180702 161829 23 6 88 12
20180702 161830 19 4 84 18
20180702 161831 29 8 83 11
20180702 161832 13 8 87 12
20180702 161833 20 6 85 20
20180702 161834 24 7 71 13
20180702 161835 24 10 74 13
20180702 161836 19 10 79 9
20180702 161837 24 7 82 8
20180702 161838 13 6 83 20
20180702 161839 16 5 73 14
20180702 161840 24 4 87 17
20180702 161841 26 5 82 12
20180702 161842 22 11 86 14
20180702 161843 22 12 83 11
20180702 161844 27 9 84 13
20180702 161845 28 9 76 20
20180702 161846 19 6 84 11
20180702 161847 19 4 71 20
20180702 161848 21 4 75 19
20180702 161849 18 7 84 19
20180702 161850 24 7 72 9
20180702 161851 15 5 77 19
20180702 161852 20 10 83 13
20180702 161853 25 12 91 10
20180702 161854 19 4 91 18
20180702 161855 24 9 81 18
20180702 161856 27 4 79 14
20180702 161857 24 9 89 11
20180702 161858 20 7 82 18
20180702 161859 16 8 78 18
20180702 161900 21 3 72 21
20180702 161901 24 11 77 8
20180702 161902 24 6 81 15
20180702 161903 17 4 72 15
20180702 161904 22 4 79 10
20180702 161905 15 6 76 14
20180702 161906 29 5 78 13
20180702 161908 21 14 82 14
20180702 161909 26 13 74 8
20180702 161910 27 4 90 21
20180702 161911 20 4 79 11
20180702 161912 24 10 85 18
20180702 161913 24 5 80 13
20180702 161914 21 8 86 18
20180702 161915 19 8 78 7
20180702 161916 22 10 78 13
20180702 161917 30 6 75 13
20180702 161918 18 8 77 14
20180702 161919 20 12 88 15
20180702 161920 20 8 80 12
20180702 161921 20 4 80 9
20180702 161922 23 3 80 15
20180702 161923 22 8 83 13
20180702 161924 18 3 71 21
20180702 161925 21 6 78 12
20180702 161926 22 3 70 15
20180702 161927 15 5 82 14
20180702 161928 21 2 81 14
20180702 161929 24 9 78 13
20180702 161930 24 12 80 15
20180702 161931 22 7 73 14
20180702 161932 18 9 84 13
20180702 161933 19 10 81 14
20180702 161934 23 15 86 15
20180702 161935 26 9 83 10
20180702 161936 16 8 85 14
20180702 161937 24 7 86 21
20180702 161938 25 7 76 18
20180702 161939 26 4 80 18
20180702 161940 26 5 79 12
20180702 161941 19 8 81 16
20180702 161942 21 11 75 16
20180702 161943 16 6 71 10
20180702 161944 25 7 80 13
20180702 161945 22 8 90 18
20180702 161946 21 5 83 21
20180702 161948 17 9 84 21
20180702 161949 18 3 92 18
20180702 161950 19 4 72 18
20180702 161951 15 2 75 7
20180702 161952 24 4 84 11
20180702 161953 16 7 79 12
20180702 161954 29 0 90 10
20180702 161955 21 6 86 17
20180702 161956 31 11 84 5
20180702 161957 21 11 82 17
20180702 161958 29 8 87 21
20180702 161959 25 6 88 21
20180702 162000 24 5 75 17
20180702 162001 21 9 80 11
20180702 162002 27 2 73 12
20180702 162003 21 5 96 17
20180702 162004 25 8 87 16
20180702 162005 19 9 82 7
20180702 162006 24 10 73 17
20180702 162007 14 9 80 18
20180702 162008 20 5 73 19
20180702 162009 22 5 80 18
20180702 162010 24 10 84 18
20180702 162011 22 5 82 13
20180702 162012 15 13 89 12
20180702 162013 18 11 72 15
20180702 162014 20 13 81 10
20180702 162015 24 7 86 10
20180702 162016 19 8 96 12
20180702 162017 15 2 71 16
20180702 162018 31 1 86 15
20180702 162019 19 3 89 15
20180702 162020 18 5 83 12
20180702 162021 32 5 75 14
20180702 162022 21 5 83 13
20180702 162023 23 8 83 8
20180702 162024 22 7 87 18
20180702 162025 20 10 76 16
20180702 162027 24 13 80 16
20180702 162028 24 7 89 24
20180702 162029 21 11 81 10
20180702 162030 17 5 82 15
20180702 162031 18 6 87 11
20180702 162032 14 2 76 20
20180702 162033 19 3 80 14
20180702 162034 25 7 95 16
20180702 162035 26 3 93 19
20180702 162036 20 5 80 23
20180702 162037 26 0 76 12
20180702 162038 20 10 71 19
20180702 162039 19 5 81 18
20180702 162040 16 3 82 19
20180702 162041 26 7 78 14
20180702 162042 19 9 85 10
20180702 162043 20 6 77 18
20180702 162044 19 5 70 17
20180702 162045 21 8 82 20
20180702 162046 16 8 81 22
20180702 162047 23 6 82 12
20180702 162048 14 6 87 14
20180702 162049 25 9 77 17
20180702 162050 21 7 89 9
20180702 162051 21 6 73 10
20180702 162052 18 10 79 18
20180702 162053 21 9 77 17
20180702 162054 20 6 73 18
20180702 162055 18 7 76 14
20180702 162056 26 3 83 19
20180702 162057 20 3 74 12
20180702 162058 21 10 83 13
20180702 162059 25 3 75 19
20180702 162100 21 2 83 22
20180702 162101 16 10 80 23
20180702 162102 18 7 80 14
20180702 162103 20 7 74 14
20180702 162104 28 5 91 17
20180702 162105 24 8 82 9
20180702 162107 24 4 73 18
20180702 162108 23 2 93 13
20180702 162109 26 4 80 13
20180702 162110 20 6 84 13
20180702 162111 26 4 86 17
20180702 162112 16 8 80 12
20180702 162113 25 6 83 13
20180702 162114 18 6 93 14
20180702 162115 23 10 92 8
20180702 162116 24 10 80 22
20180702 162117 26 4 77 10
20180702 162118 19 9 72 13
20180702 162119 20 11 83 10
20180702 162120 19 3 70 17
20180702 162121 19 6 81 20
20180702 162122 27 9 84 15
20180702 162123 17 11 86 17
20180702 162124 21 2 84 18
20180702 162125 15 5 85 11
20180702 162126 20 9 79 12
20180702 162127 15 9 90 15
20180702 162128 20 6 90 8
20180702 162129 27 10 79 20
20180702 162130 22 8 99 12
20180702 162131 16 0 79 14
20180702 162132 22 2 83 18
20180702 162133 20 11 88 14
20180702 162134 17 7 84 15
20180702 162135 15 10 77 16
20180702 162136 20 8 85 16
20180702 162137 19 7 80 19
20180702 162138 22 5 76 9
20180702 162139 17 11 84 14
20180702 162140 22 10 85 11
20180702 162141 22 3 89 16
20180702 162142 23 9 82 16
20180702 162143 20 8 70 15
20180702 162144 28 9 85 19
20180702 162146 22 10 90 17
20180702 162147 22 8 71 17
20180702 162148 19 11 84 20
20180702 162149 18 10 73 18
20180702 162150 29 0 73 19
20180702 162151 28 3 82 16
20180702 162152 22 7 71 19
20180702 162153 27 11 76 18
20180702 162154 23 7 75 12
20180702 162155 20 6 79 10
20180702 162156 26 4 82 19
20180702 162157 18 9 91 19
20180702 162158 26 7 84 11
20180702 162159 24 8 84 16
20180702 162200 22 12 79 20
20180702 162201 20 11 82 13
20180702 162202 27 4 75 13
20180702 162203 23 3 71 11
20180702 162204 23 12 86 18
20180702 162205 23 8 81 11
20180702 162206 31 3 83 16
20180702 162207 21 2 88 11
20180702 162208 30 7 68 13
20180702 162209 21 3 74 16
20180702 162210 27 2 87 13
20180702 162211 21 11 88 21
20180702 162212 19 10 81 9
20180702 162213 16 3 76 17
20180702 162214 12 6 82 12
20180702 162215 25 7 77 16
20180702 162216 26 13 85 24
20180702 162217 27 8 83 12
20180702 162218 27 4 82 6
20180702 162219 25 5 75 15
20180702 162220 22 5 81 6
20180702 162221 24 9 77 17
20180702 162222 23 1 85 14
20180702 162223 25 9 76 11
20180702 162224 20 6 79 12
20180702 162226 18 10 78 17
20180702 162227 24 7 89 13
20180702 162228 20 10 82 15
20180702 162229 17 6 77 14
20180702 162230 25 3 88 14
20180702 162231 21 8 82 12
20180702 162232 15 6 79 22
20180702 162233 15 2 73 17
20180702 162234 23 8 85 21
20180702 162235 31 3 81 14
20180702 162236 21 10 76 12
20180702 162237 23 4 74 10
20180702 162238 18 7 91 15
20180702 162239 19 7 70 13
20180702 162240 24 5 81 16
20180702 162241 23 7 81 13
20180702 162242 24 11 76 19
20180702 162243 20 9 79 15
20180702 162244 23 11 81 19
20180702 162245 25 2 74 17
20180702 162246 23 6 83 17
20180702 162247 21 1 78 15
20180702 162248 20 8 83 20
20180702 162249 26 6 77 16
20180702 162250 26 4 67 18
20180702 162251 26 7 84 12
20180702 162252 25 4 92 18
20180702 162253 22 5 83 11
20180702 162254 25 9 84 18
20180702 162255 26 9 76 14
20180702 162256 25 8 79 15
20180702 162257 19 7 84 15
20180702 162258 21 9 73 14
20180702 162259 28 4 86 18
20180702 162300 28 9 68 16
20180702 162301 23 7 82 12
20180702 162302 20 10 82 18
20180702 162303 23 5 88 15
20180702 162305 18 9 82 13
20180702 162306 14 7 85 24
20180702 162307 21 7 89 23
20180702 162308 20 6 74 16
20180702 162309 24 12 77 19
20180702 162310 21 7 72 10
20180702 162311 23 0 91 15
20180702 162312 26 6 93 12
20180702 162313 25 1 73 19
20180702 162314 16 9 83 16
20180702 162315 30 3 84 11
20180702 162316 23 3 70 20
20180702 162317 19 1 77 14
20180702 162318 14 4 84 17
20180702 162319 27 7 78 21
20180702 162320 22 6 82 17
20180702 162321 32 9 80 19
20180702 162322 19 8 73 12
20180702 162323 16 7 75 11
20180702 162324 18 3 79 14
20180702 162325 20 8 74 11
20180702 162326 22 3 88 15
20180702 162327 21 6 86 11
20180702 162328 23 7 76 16
20180702 162329 19 5 83 21
20180702 162330 16 7 85 12
20180702 162331 26 0 78 18
20180702 162332 20 5 84 20
20180702 162333 19 6 83 21
20180702 162334 22 3 88 20
20180702 162335 15 9 81 19
20180702 162336 18 5 80 16
20180702 162337 24 0 85 16
20180702 162338 19 3 77 15
20180702 162339 32 12 85 13
20180702 162340 19 11 77 11
20180702 162341 26 6 98 12
20180702 162342 27 11 84 15
20180702 162343 27 8 88 19
20180702 162345 19 12 81 14
20180702 162346 21 6 79 11
20180702 162347 23 3 81 15
20180702 162348 18 7 83 13
20180702 162349 19 9 73 19
20180702 162350 18 5 82 11
20180702 162351 27 4 68 14
20180702 162352 23 6 80 14
20180702 162353 16 4 72 21
20180702 162354 27 6 90 16
20180702 162355 19 2 79 17
20180702 162356 18 6 89 17
20180702 162357 26 10 75 16
20180702 162358 27 3 80 15
20180702 162359 22 7 72 15
20180702 162400 30 6 74 16
20180702 162401 17 5 86 20
20180702 162402 20 10 79 19
20180702 162403 23 5 77 12
20180702 162404 22 5 93 13
20180702 162405 23 6 84 15
20180702 162406 18 12 76 19
20180702 162407 25 8 84 16
20180702 162408 16 5 83 14
20180702 162409 23 7 73 15
20180702 162410 26 8 81 14
20180702 162411 23 8 87 17
20180702 162412 21 9 77 9
20180702 162413 21 10 74 12
20180702 162414 26 3 80 17
20180702 162415 17 8 88 16
20180702 162416 14 9 68 14
20180702 162417 23 5 86 14
20180702 162418 16 10 80 14
20180702 162419 20 4 68 18
20180702 162420 20 7 83 18
20180702 162421 23 4 72 12
20180702 162422 22 10 82 14
20180702 162423 23 6 84 15
20180702 162425 32 5 80 12
20180702 162426 24 6 89 17
20180702 162427 26 11 81 20
20180702 162428 21 8 72 23
20180702 162429 22 5 88 16
20180702 162430 19 7 83 10
20180702 162431 19 6 85 15
20180702 162432 23 4 77 18
20180702 162433 22 2 89 13
20180702 162434 18 10 85 12
20180702 162435 20 7 80 22
20180702 162436 22 4 89 12
20180702 162437 20 9 85 17
20180702 162438 19 3 74 18
20180702 162439 18 5 72 13
20180702 162440 20 -1 86 14
20180702 162441 19 9 81 20
20180702 162442 22 5 74 17
20180702 162443 25 3 76 15
20180702 162444 24 4 76 13
20180702 162445 23 3 78 19
20180702 162446 17 2 71 19
20180702 162447 19 7 84 14
20180702 162448 18 1 81 18
20180702 162449 17 6 70 20
20180702 162450 29 3 68 22
20180702 162451 22 11 84 14
20180702 162452 20 11 88 10
20180702 162453 22 6 81 14
20180702 162454 23 8 75 17
20180702 162455 24 3 85 21
20180702 162456 19 7 83 9
20180702 162457 30 6 90 11
20180702 162458 24 5 73 15
20180702 162459 23 5 80 20
20180702 162500 22 2 70 13
20180702 162501 23 6 69 21
20180702 162502 15 3 73 14
20180702 162504 14 6 77 16
20180702 162505 24 7 80 16
20180702 162506 19 2 87 18
20180702 162507 20 11 71 11
20180702 162508 23 4 79 21
20180702 162509 24 11 72 18
20180702 162510 25 7 82 15
20180702 162511 19 5 70 11
20180702 162512 21 9 93 6
20180702 162513 26 8 85 16
20180702 162514 27 11 83 23
20180702 162515 19 4 87 12
20180702 162516 17 10 73 17
20180702 162517 27 5 83 18
20180702 162518 20 3 84 13
20180702 162519 21 9 69 22
20180702 162520 16 8 79 11
20180702 162521 19 7 80 12
20180702 162522 20 4 89 9
20180702 162523 19 4 88 17
20180702 162524 18 6 74 16
20180702 162525 20 7 89 18
20180702 162526 15 5 84 12
20180702 162527 23 5 82 12
20180702 162528 22 7 86 16
20180702 162529 22 10 78 11
20180702 162530 26 6 85 14
20180702 162531 17 4 75 17
20180702 162532 20 6 70 16
20180702 162533 23 2 80 13
20180702 162534 20 4 80 17
20180702 162535 28 10 79 17
20180702 162536 14 12 85 16
20180702 162537 30 5 81 17
20180702 162538 25 8 89 20
20180702 162539 23 5 76 17
20180702 162540 20 10 89 18
20180702 162541 23 2 77 20
20180702 162542 25 11 69 15
20180702 162544 23 5 85 19
20180702 162545 22 8 85 14
20180702 162546 30 5 82 13
20180702 162547 21 4 80 17
20180702 162548 17 7 85 24
20180702 162549 17 1 96 8
20180702 162550 16 3 91 14
20180702 162551 28 5 69 12
20180702 162552 21 10 89 16
20180702 162553 24 9 81 14
20180702 162554 27 7 88 24
20180702 162555 25 6 83 16
20180702 162556 16 3 75 11
20180702 162557 19 5 79 20
20180702 162558 21 10 84 14
20180702 162559 21 5 73 19
20180702 162600 23 0 85 16
20180702 162601 24 7 87 20
20180702 162602 17 10 83 19
20180702 162603 23 3 84 13
20180702 162604 20 6 85 22
20180702 162605 14 9 68 15
20180702 162606 21 8 78 17
20180702 162607 23 5 74 13
20180702 162608 21 7 85 13
20180702 162609 24 8 72 14
20180702 162610 13 4 75 15
20180702 162611 27 9 70 15
20180702 162612 31 7 91 15
20180702 162613 23 2 69 20
20180702 162614 18 3 78 9
20180702 162615 20 6 87 20
20180702 162616 13 7 79 14
20180702 162617 23 5 75 13
20180702 162618 24 2 76 16
20180702 162619 17 9 85 10
20180702 162620 27 5 83 17
20180702 162621 19 8 80 13
20180702 162623 27 5 86 15
20180702 162624 16 6 76 13
20180702 162625 18 3 69 15
20180702 162626 20 1 98 19
20180702 162627 29 7 90 17
20180702 162628 22 7 81 17
20180702 162629 26 5 96 17
20180702 162630 17 7 77 14
20180702 162631 17 4 94 10
20180702 162632 30 5 86 8
20180702 162633 24 8 81 13
20180702 162634 29 1 72 21
20180702 162635 15 4 83 18
20180702 162636 24 6 79 13
20180702 162637 21 6 81 17
20180702 162638 22 4 86 18
20180702 162639 15 8 88 16
20180702 162640 18 3 75 11
20180702 162641 29 12 80 10
20180702 162642 24 5 85 13
20180702 162643 27 2 84 9
20180702 162644 22 11 77 13
20180702 162645 28 4 86 10
20180702 162646 20 2 84 19
20180702 162647 26 3 85 8
20180702 162648 30 9 88 17
20180702 162649 19 5 74 15
20180702 162650 22 2 83 22
20180702 162651 14 9 75 15
20180702 162652 17 4 82 18
20180702 162653 22 5 96 14
20180702 162654 17 11 84 11
20180702 162655 26 9 79 13
20180702 162656 18 6 70 21
20180702 162657 22 11 76 19
20180702 162658 24 5 69 12
20180702 162659 20 7 85 16
20180702 162700 25 -1 89 20
20180702 162701 16 11 88 20
20180702 162703 19 6 75 16
20180702 162704 18 5 76 15
20180702 162705 26 12 83 9
20180702 162706 25 4 82 13
20180702 162707 26 8 85 18
20180702 162708 26 6 90 19
20180702 162709 24 4 87 15
20180702 162710 19 6 94 16
20180702 162711 26 7 78 22
20180702 162712 27 6 92 22
20180702 162713 23 5 72 12
20180702 162714 21 6 87 14
20180702 162715 26 4 79 19
20180702 162716 26 4 77 12
20180702 162717 18 3 83 13
20180702 162718 20 8 80 13
20180702 162719 20 4 81 13
20180702 162720 25 3 74 19
20180702 162721 22 4 80 13
20180702 162722 21 10 83 15
20180702 162723 22 9 77 15
20180702 162724 17 6 80 18
20180702 162725 20 10 77 18
20180702 162726 19 4 79 11
20180702 162727 18 9 69 19
20180702 162728 19 7 79 14
20180702 162729 20 13 80 12
20180702 162730 23 8 77 11
20180702 162731 22 8 71 15
20180702 162732 20 3 82 14
20180702 162733 16 5 71 21
20180702 162734 27 10 76 15
20180702 162735 23 9 92 13
20180702 162736 23 5 82 9
20180702 162737 26 3 84 18
20180702 162738 21 7 69 13
20180702 162739 13 2 74 14
20180702 162740 21 4 84 10
20180702 162742 26 9 68 18
20180702 162743 25 1 86 17
20180702 162744 19 6 80 17
20180702 162745 18 11 80 18
20180702 162746 13 12 94 20
20180702 162747 28 2 81 11
20180702 162748 20 6 72 18
20180702 162749 24 6 80 12
20180702 162750 21 8 79 14
20180702 162751 19 9 72 18
20180702 162752 16 1 88 14
20180702 162753 21 6 90 19
20180702 162754 16 2 77 14
20180702 162755 29 3 89 16
20180702 162756 25 3 76 18
20180702 162757 22 10 78 17
20180702 162758 14 9 87 20
20180702 162759 19 10 93 15
20180702 162800 23 4 73 16
20180702 162801 20 9 79 17
20180702 162802 26 3 79 13
20180702 162803 24 7 72 18
20180702 162804 25 7 88 17
20180702 162805 23 10 89 20
20180702 162806 21 6 85 22
20180702 162807 19 12 81 21
20180702 162808 24 8 90 13
20180702 162809 19 8 81 13
20180702 162810 24 6 71 12
20180702 162811 24 2 74 11
20180702 162812 24 7 85 19
20180702 162813 18 8 87 14
20180702 162814 19 4 92 16
20180702 162815 21 3 83 16
20180702 162816 17 6 86 10
20180702 162817 26 4 77 18
20180702 162818 22 8 74 20
20180702 162819 20 4 72 14
20180702 162821 23 7 80 11
20180702 162822 24 -1 78 19
20180702 162823 20 13 73 9
20180702 162824 21 0 75 15
20180702 162825 23 7 74 13
20180702 162826 16 6 90 15
20180702 162827 22 10 81 11
20180702 162828 22 8 90 20
20180702 162829 22 5 80 9
20180702 162830 26 3 84 13
20180702 162831 20 3 77 14
20180702 162832 23 7 80 10
20180702 162833 22 7 82 11
20180702 162834 19 8 80 13
20180702 162835 16 8 80 15
20180702 162836 20 11 78 18
20180702 162837 22 10 79 14
20180702 162838 25 8 76 18
20180702 162839 23 4 77 17
20180702 162840 23 14 83 15
20180702 162841 22 13 75 19
20180702 162842 18 6 83 8
20180702 162843 28 7 87 21
20180702 162844 22 6 85 20
20180702 162845 24 1 79 18
20180702 162846 17 11 84 16
20180702 162847 23 5 77 19
20180702 162848 17 8 83 15
20180702 162849 19 3 86 12
20180702 162850 20 8 68 19
20180702 162851 16 4 80 16
20180702 162852 21 10 78 13
20180702 162853 25 9 79 19
20180702 162854 20 5 90 19
20180702 162855 24 6 85 14
20180702 162856 13 7 78 18
20180702 162857 24 11 73 21
20180702 162858 21 7 75 19
20180702 162859 23 11 82 9
20180702 162901 25 7 73 18
20180702 162902 18 6 75 23
20180702 162903 12 3 77 14
20180702 162904 23 6 80 12
20180702 162905 30 5 78 21
20180702 162906 17 9 70 16
20180702 162907 23 9 82 14
20180702 162908 19 9 79 19
20180702 162909 23 10 79 16
20180702 162910 23 2 79 11
20180702 162911 22 -1 82 16
20180702 162912 18 7 79 14
20180702 162913 24 2 84 15
20180702 162914 17 7 76 13
20180702 162915 23 8 91 16
20180702 162916 21 8 73 14
20180702 162917 18 5 90 11
20180702 162918 23 8 69 14
20180702 162919 19 4 89 15
20180702 162920 26 8 76 18
20180702 162921 16 14 78 19
20180702 162922 22 6 75 13
20180702 162923 27 6 80 20
20180702 162924 25 4 90 10
20180702 162925 17 10 80 22
20180702 162926 23 4 91 16
20180702 162927 20 11 86 14
20180702 162928 22 7 79 13
20180702 162929 20 5 80 15
20180702 162930 21 9 75 16
20180702 162931 23 5 84 18
20180702 162932 28 4 74 6
20180702 162933 21 5 70 21
20180702 162934 26 4 75 18
20180702 162935 22 2 85 13
20180702 162936 20 7 82 13
20180702 162937 20 6 80 15
20180702 162938 27 10 74 15
20180702 162939 19 9 76 16
20180702 162941 22 10 70 13
20180702 162942 25 4 69 17
20180702 162943 25 7 81 17
20180702 162944 20 2 86 13
20180702 162945 27 9 70 14
20180702 162946 19 9 85 13
20180702 162947 15 2 79 17
20180702 162948 19 2 68 16
20180702 162949 18 9 82 17
20180702 162950 21 8 91 14
20180702 162951 21 4 77 12
20180702 162952 20 2 77 12
20180702 162953 18 4 71 9
20180702 162954 23 7 81 12
20180702 162955 14 5 87 20
20180702 162956 21 1 78 6
20180702 162957 25 3 78 14
20180702 162958 16 7 84 22
20180702 162959 20 10 89 9
20180702 163000 26 8 73 12
20180702 163001 27 5 76 14
20180702 163002 24 8 86 14
20180702 163003 23 2 71 16
20180702 163004 13 6 96 11
20180702 163005 19 3 81 16
20180702 163006 18 2 77 18
20180702 163007 27 5 92 17
20180702 163008 25 1 78 14
20180702 163009 24 3 83 8
20180702 163010 23 6 83 24
20180702 163011 23 7 73 16
20180702 163012 18 9 83 22
20180702 163013 17 9 84 13
20180702 163014 29 7 82 17
20180702 163015 21 4 71 10
20180702 163016 17 2 88 10
20180702 163017 16 7 75 19
20180702 163018 20 8 69 11
20180702 163020 21 8 83 18
20180702 163021 23 7 76 13
20180702 163022 21 6 78 14
20180702 163023 26 10 81 11
20180702 163024 24 5 82 13
20180702 163025 22 8 83 14
20180702 163026 27 7 71 10
20180702 163027 21 10 85 10
20180702 163028 21 10 82 10
20180702 163029 22 2 85 18
20180702 163030 25 2 85 6
20180702 163031 22 5 82 18
20180702 163032 20 5 74 11
20180702 163033 19 5 74 11
20180702 163034 18 3 81 12
20180702 163035 24 8 78 18
20180702 163036 21 9 82 14
20180702 163037 23 7 71 10
20180702 163038 18 5 78 19
20180702 163039 23 3 75 21
20180702 163040 19 8 84 12
20180702 163041 19 7 77 12
20180702 163042 27 0 78 14
20180702 163043 32 11 71 16
20180702 163044 19 6 86 16
20180702 163045 18 6 77 10
20180702 163046 19 10 85 16
20180702 163047 25 2 72 21
20180702 163048 26 9 83 13
20180702 163049 23 1 88 14
20180702 163050 30 3 76 14
20180702 163051 23 7 80 20
20180702 163052 20 10 73 17
20180702 163053 26 5 71 13
20180702 163054 24 4 83 11
20180702 163055 30 6 75 9
20180702 163056 14 6 76 15
20180702 163057 30 4 71 14
20180702 163058 25 6 79 13
20180702 163100 16 6 77 15
20180702 163101 25 5 83 21
20180702 163102 15 5 68 14
20180702 163103 21 10 80 8
20180702 163104 12 8 70 19
20180702 163105 19 11 78 11
20180702 163106 18 8 88 14
20180702 163107 18 2 88 8
20180702 163108 19 11 77 17
20180702 163109 19 7 90 18
20180702 163110 13 14 77 14
20180702 163111 19 9 78 12
20180702 163112 24 10 79 16
20180702 163113 24 6 85 15
20180702 163114 18 6 86 14
20180702 163115 21 12 87 15
20180702 163116 17 7 76 12
20180702 163117 22 14 83 16
20180702 163118 20 9 83 16
20180702 163119 21 5 92 16
20180702 163120 27 1 84 14
20180702 163121 18 6 71 14
20180702 163122 20 3 76 18
20180702 163123 29 7 75 7
20180702 163124 19 7 78 17
20180702 163125 22 7 78 14
20180702 163126 25 5 78 14
20180702 163127 21 10 79 8
20180702 163128 16 4 74 14
20180702 163129 22 4 88 15
20180702 163130 20 7 75 19
20180702 163131 20 10 82 13
20180702 163132 23 4 87 16
20180702 163133 21 6 77 16
20180702 163134 20 7 80 13
20180702 163135 22 3 69 10
20180702 163136 25 5 83 11
20180702 163137 23 7 93 18
20180702 163139 28 3 78 12
20180702 163140 15 10 83 18
20180702 163141 25 4 73 11
20180702 163142 19 4 82 11
20180702 163143 26 11 78 9
20180702 163144 21 6 85 16
20180702 163145 26 7 83 20
20180702 163146 18 5 72 18
20180702 163147 24 13 81 13
20180702 163148 22 7 79 18
20180702 163149 20 5 76 21
20180702 163150 16 11 85 21
20180702 163151 20 4 73 16
20180702 163152 24 9 84 19
20180702 163153 25 7 81 16
20180702 163154 23 6 75 14
20180702 163155 25 8 73 18
20180702 163156 20 11 75 14
20180702 163157 22 10 78 18
20180702 163158 31 3 88 13
20180702 163159 21 12 74 19
20180702 163200 23 3 83 13
20180702 163201 15 5 86 19
20180702 163202 25 2 80 18
20180702 163203 19 5 78 14
20180702 163204 29 7 78 18
20180702 163205 25 7 71 17
20180702 163206 16 11 79 13
20180702 163207 29 9 67 16
20180702 163208 20 8 75 22
20180702 163209 19 2 78 13
20180702 163210 23 4 96 15
20180702 163211 18 9 88 14
20180702 163212 17 8 76 17
20180702 163213 20 4 81 16
20180702 163214 18 2 73 13
20180702 163215 21 9 71 11
20180702 163216 25 3 84 12
20180702 163217 19 4 84 17
20180702 163219 19 7 74 13
20180702 163220 18 8 83 10
20180702 163221 21 3 79 13
20180702 163222 20 13 75 15
20180702 163223 25 5 86 14
20180702 163224 18 3 76 21
20180702 163225 22 14 79 17
20180702 163226 24 4 85 17
20180702 163227 25 5 75 15
20180702 163228 18 11 79 20
20180702 163229 16 12 77 11
20180702 163230 18 7 80 15
20180702 163231 24 4 77 20
20180702 163232 19 5 81 14
20180702 163233 19 7 72 12
20180702 163234 22 9 79 9
20180702 163235 19 10 92 19
20180702 163236 21 14 79 14
20180702 163237 25 6 83 17
20180702 163238 15 6 73 16
20180702 163239 23 6 72 17
20180702 163240 17 11 69 20
20180702 163241 23 6 71 12
20180702 163242 25 9 85 15
20180702 163243 23 7 69 18
20180702 163244 22 2 92 10
20180702 163245 25 14 84 14
20180702 163246 28 9 83 13
20180702 163247 22 13 82 17
20180702 163248 26 9 90 11
20180702 163249 15 11 78 18
20180702 163250 23 3 84 14
20180702 163251 22 8 85 14
20180702 163252 27 2 80 13
20180702 163253 21 6 68 22
20180702 163254 24 5 72 11
20180702 163255 25 3 84 18
20180702 163256 18 11 96 14
20180702 163258 25 5 70 19
20180702 163259 22 6 78 9
20180702 163300 21 5 80 21
20180702 163301 21 7 82 15
20180702 163302 16 3 96 15
20180702 163303 22 5 73 12
20180702 163304 25 8 90 16
20180702 163305 24 1 80 21
20180702 163306 23 3 79 20
20180702 163307 26 7 79 21
20180702 163308 15 5 78 14
20180702 163309 28 6 79 13
20180702 163310 21 4 86 14
20180702 163311 22 10 80 13
20180702 163312 18 11 89 11
20180702 163313 23 8 87 12
20180702 163314 27 8 83 16
20180702 163315 18 6 81 12
20180702 163316 20 8 85 15
20180702 163317 21 10 94 14
20180702 163318 22 9 87 13
20180702 163319 19 4 88 20
20180702 163320 21 12 84 16
20180702 163321 22 15 90 13
20180702 163322 29 11 81 12
20180702 163323 21 9 84 15
20180702 163324 22 5 76 12
20180702 163325 23 13 78 19
20180702 163326 24 7 81 11
20180702 163327 25 11 82 13
20180702 163328 22 5 93 16
20180702 163329 22 4 88 15
20180702 163330 24 3 83 13
20180702 163331 22 8 86 19
20180702 163332 21 8 86 14
20180702 163333 19 6 80 17
20180702 163334 18 2 85 12
20180702 163335 17 11 82 11
20180702 163337 22 10 83 16
20180702 163338 24 9 79 16
20180702 163339 21 3 87 15
20180702 163340 31 3 71 23
20180702 163341 28 8 85 17
20180702 163342 18 13 85 15
20180702 163343 13 6 75 16
20180702 163344 19 11 83 13
20180702 163345 25 6 86 15
20180702 163346 25 3 80 21
20180702 163347 19 10 74 7
20180702 163348 23 6 82 13
20180702 163349 13 13 74 14
20180702 163350 20 4 70 13
20180702 163351 18 8 88 20
20180702 163352 17 9 86 10
20180702 163353 22 5 88 17
20180702 163354 18 7 90 18
20180702 163355 21 12 81 16
20180702 163356 18 6 82 9
20180702 163357 18 3 72 19
20180702 163358 22 4 83 10
20180702 163359 20 9 88 17
20180702 163400 24 10 92 17
20180702 163401 20 7 71 12
20180702 163402 19 9 92 12
20180702 163403 19 7 72 14
20180702 163404 19 7 76 10
20180702 163405 17 8 80 16
20180702 163406 22 7 81 12
20180702 163407 16 3 76 15
20180702 163408 28 6 70 18
20180702 163409 18 9 74 13
20180702 163410 19 8 78 16
20180702 163411 15 2 78 14
20180702 163412 22 0 79 18
20180702 163413 22 8 83 10
20180702 163414 19 7 84 14
20180702 163415 24 9 72 14
20180702 163417 25 3 84 11
20180702 163418 16 4 87 7
20180702 163419 26 9 95 12
20180702 163420 25 9 69 8
20180702 163421 22 4 86 24
20180702 163422 19 9 82 11
20180702 163423 18 7 80 13
20180702 163424 22 3 80 20
20180702 163425 28 5 72 8
20180702 163426 17 6 76 17
20180702 163427 21 6 69 12
20180702 163428 22 8 86 12
20180702 163429 17 4 89 22
20180702 163430 22 8 84 15
20180702 163431 26 10 85 17
20180702 163432 23 7 82 10
20180702 163433 19 9 76 14
20180702 163434 24 6 83 10
20180702 163435 18 7 82 15
20180702 163436 22 8 84 12
20180702 163437 22 11 88 20
20180702 163438 20 -1 78 14
20180702 163439 23 9 68 14
20180702 163440 17 10 80 10
20180702 163441 21 6 84 13
20180702 163442 18 10 80 12
20180702 163443 22 6 85 17
20180702 163444 19 11 78 14
20180702 163445 18 7 70 16
20180702 163446 21 2 77 18
20180702 163447 23 12 75 9
20180702 163448 26 8 71 16
20180702 163449 20 0 77 16
20180702 163450 23 3 77 11
20180702 163451 21 4 96 11
20180702 163452 22 11 80 16
20180702 163453 21 4 81 11
20180702 163454 19 8 89 12
20180702 163456 23 9 87 17
20180702 163457 21 5 93 14
20180702 163458 16 9 72 15
20180702 163459 15 11 80 14
20180702 163500 23 11 83 14
20180702 163501 22 9 72 12
20180702 163502 21 8 90 11
20180702 163503 21 7 83 15
20180702 163504 22 7 78 12
20180702 163505 18 14 81 14
20180702 163506 16 12 86 14
20180702 163507 18 10 74 16
20180702 163508 25 12 93 14
20180702 163509 16 10 72 18
20180702 163510 17 6 78 12
20180702 163511 16 2 82 14
20180702 163512 30 4 96 13
20180702 163513 24 5 86 12
20180702 163514 24 11 76 18
20180702 163515 15 5 80 21
20180702 163516 26 12 79 16
20180702 163517 27 10 83 18
20180702 163518 17 7 83 15
20180702 163519 20 4 73 13
20180702 163520 22 5 91 14
20180702 163521 22 4 91 8
20180702 163522 22 9 71 15
20180702 163523 28 10 76 14
20180702 163524 23 4 72 14
20180702 163525 22 7 77 20
20180702 163526 29 1 82 11
20180702 163527 21 -1 68 13
20180702 163528 19 -1 82 19
20180702 163529 17 4 84 15
20180702 163530 16 12 74 19
20180702 163531 21 8 92 18
20180702 163532 16 9 84 13
20180702 163533 18 9 83 13
20180702 163534 18 1 72 14
20180702 163536 19 7 80 17
20180702 163537 24 5 69 23
20180702 163538 24 7 82 15
20180702 163539 24 3 80 13
20180702 163540 19 10 81 14
20180702 163541 21 3 78 11
20180702 163542 24 4 73 15
20180702 163543 26 12 85 14
20180702 163544 21 8 78 14
20180702 163545 20 9 86 15
20180702 163546 24 6 81 14
20180702 163547 18 4 83 8
20180702 163548 18 13 78 16
20180702 163549 21 7 88 18
20180702 163550 13 10 80 13
20180702 163551 20 1 84 12
20180702 163552 18 7 86 17
20180702 163553 21 14 71 12
20180702 163554 26 7 72 8
20180702 163555 22 4 94 12
20180702 163556 17 3 79 20
20180702 163557 17 5 83 16
20180702 163558 26 9 75 18
20180702 163559 24 12 78 14
20180702 163600 16 5 79 17
20180702 163601 21 10 74 17
20180702 163602 24 7 76 19
20180702 163603 29 11 76 15
20180702 163604 22 4 82 19
20180702 163605 20 13 77 13
20180702 163606 28 10 75 12
20180702 163607 17 8 78 21
20180702 163608 29 7 95 14
20180702 163609 21 5 86 14
20180702 163610 17 9 80 13
20180702 163611 26 5 78 12
20180702 163612 17 5 85 10
20180702 163613 23 6 75 12
20180702 163615 23 7 84 19
20180702 163616 18 6 81 18
20180702 163617 18 2 81 19
20180702 163618 20 4 77 15
20180702 163619 13 4 86 15
20180702 163620 24 8 95 16
20180702 163621 18 1 79 17
20180702 163622 20 8 92 16
20180702 163623 23 8 95 10
20180702 163624 13 3 78 14
20180702 163625 22 10 80 18
20180702 163626 19 6 73 12
20180702 163627 24 8 84 13
20180702 163628 16 9 92 16
20180702 163629 21 4 76 16
20180702 163630 16 1 86 20
20180702 163631 31 6 83 20
20180702 163632 25 13 85 17
20180702 163633 20 3 87 11
20180702 163634 17 8 80 14
20180702 163635 26 4 87 8
20180702 163636 17 4 96 11
20180702 163637 22 4 93 10
20180702 163638 23 4 74 11
20180702 163639 22 6 82 14
20180702 163640 23 8 97 14
20180702 163641 24 11 80 14
20180702 163642 20 10 83 11
20180702 163643 29 4 80 17
20180702 163644 23 10 85 14
20180702 163645 25 5 83 19
20180702 163646 23 4 81 19
20180702 163647 25 12 82 12
20180702 163648 23 8 76 14
20180702 163649 24 12 91 16
20180702 163650 19 8 80 13
20180702 163651 20 9 86 16
20180702 163652 14 7 81 10
20180702 163653 20 12 78 18
20180702 163655 19 10 85 15
20180702 163656 16 7 94 13
20180702 163657 22 9 81 18
20180702 163658 27 1 83 15
20180702 163659 25 8 82 14
20180702 163700 24 8 78 16
20180702 163701 20 10 78 12
20180702 163702 21 7 84 12
20180702 163703 29 5 87 13
20180702 163704 22 7 75 11
20180702 163705 20 7 78 9
20180702 163706 15 1 79 19
20180702 163707 26 0 85 13
20180702 163708 27 8 73 17
20180702 163709 21 3 76 15
20180702 163710 28 7 77 18
20180702 163711 22 8 72 15
20180702 163712 18 7 79 21
20180702 163713 23 9 80 12
20180702 163714 18 6 76 14
20180702 163715 22 4 84 15
20180702 163716 23 3 80 21
20180702 163717 14 6 96 13
20180702 163718 16 3 83 18
20180702 163719 29 4 81 10
20180702 163720 25 4 74 11
20180702 163721 24 2 95 16
20180702 163722 16 5 83 11
20180702 163723 23 14 90 10
20180702 163724 16 9 93 15
20180702 163725 21 8 79 15
20180702 163726 27 6 74 10
20180702 163727 28 10 88 16
20180702 163728 23 9 71 18
20180702 163729 20 3 85 18
20180702 163730 19 8 86 9
20180702 163731 18 9 89 17
20180702 163732 20 6 75 13
20180702 163734 20 5 78 17
20180702 163735 18 1 72 16
20180702 163736 23 3 96 9
20180702 163737 23 6 85 14
20180702 163738 20 7 68 7
20180702 163739 23 9 71 13
20180702 163740 18 8 81 19
20180702 163741 26 8 80 19
20180702 163742 14 9 89 20
20180702 163743 26 13 74 11
20180702 163744 23 7 80 11
20180702 163745 22 9 74 12
20180702 163746 14 8 79 23
20180702 163747 19 6 94 10
20180702 163748 16 6 82 24
20180702 163749 20 10 93 18
20180702 163750 21 8 83 13
20180702 163751 22 5 91 19
20180702 163752 22 9 84 20
20180702 163753 26 10 85 10
20180702 163754 28 9 71 15
20180702 163755 24 12 86 14
20180702 163756 18 9 84 17
20180702 163757 17 8 71 16
20180702 163758 28 2 83 12
20180702 163759 22 4 80 17
20180702 163800 18 6 85 12
20180702 163801 23 7 91 15
20180702 163802 21 5 82 19
20180702 163803 23 7 74 23
20180702 163804 22 5 86 12
20180702 163805 28 12 72 19
20180702 163806 24 8 69 14
20180702 163807 26 9 74 11
20180702 163808 18 7 85 9
20180702 163809 26 10 81 9
20180702 163810 19 8 68 11
20180702 163811 19 9 85 13
20180702 163812 22 11 80 9
20180702 163814 19 10 92 6
20180702 163815 24 11 89 19
20180702 163816 22 7 87 18
20180702 163817 21 10 82 18
20180702 163818 18 12 82 18
20180702 163819 23 7 94 20
20180702 163820 28 9 75 11
20180702 163821 22 9 79 15
20180702 163822 26 3 84 14
20180702 163823 22 -1 76 13
20180702 163824 27 1 83 14
20180702 163825 21 3 77 10
20180702 163826 25 8 68 15
20180702 163827 21 10 87 15
20180702 163828 23 10 85 22
20180702 163829 17 1 80 23
20180702 163830 21 5 81 16
20180702 163831 21 4 78 12
20180702 163832 22 3 68 10
20180702 163833 14 13 91 15
20180702 163834 26 10 80 17
20180702 163835 19 1 73 13
20180702 163836 19 7 88 7
20180702 163837 19 8 88 13
20180702 163838 24 12 78 16
20180702 163839 24 8 85 17
20180702 163840 24 11 82 19
20180702 163841 26 10 88 17
20180702 163842 16 7 75 6
20180702 163843 26 6 90 14
20180702 163844 24 4 83 18
20180702 163845 19 8 75 12
20180702 163846 28 10 77 21
20180702 163847 23 8 77 17
20180702 163848 15 9 93 7
20180702 163849 20 11 75 15
20180702 163850 26 7 72 17
20180702 163851 17 6 73 22
20180702 163853 19 8 83 12
20180702 163854 20 7 76 14
20180702 163855 22 5 76 15
20180702 163856 21 10 73 16
20180702 163857 26 3 74 15
20180702 163858 20 11 72 10
20180702 163859 19 11 83 19
20180702 163900 23 7 90 16
20180702 163901 21 9 79 5
20180702 163902 21 9 83 14
20180702 163903 21 4 71 16
20180702 163904 17 5 80 12
20180702 163905 24 8 79 16
20180702 163906 16 6 75 17
20180702 163907 19 10 80 12
20180702 163908 21 2 72 11
20180702 163909 17 5 81 19
20180702 163910 25 10 82 17
20180702 163911 23 7 74 9
20180702 163912 22 5 73 15
20180702 163913 25 9 86 18
20180702 163914 17 5 87 17
20180702 163915 26 12 81 11
20180702 163916 25 6 72 14
20180702 163917 20 6 70 13
20180702 163918 22 7 77 17
20180702 163919 20 10 91 12
20180702 163920 22 8 73 22
20180702 163921 13 5 69 13
20180702 163922 22 3 71 13
20180702 163923 23 4 76 17
20180702 163924 19 7 75 17
20180702 163925 23 3 80 14
20180702 163926 25 10 72 17
20180702 163927 17 6 86 18
20180702 163928 23 4 68 8
20180702 163929 21 6 78 12
20180702 163930 23 8 86 11
20180702 163931 21 6 82 5
20180702 163933 29 6 73 17
20180702 163934 16 5 87 15
20180702 163935 27 4 84 19
20180702 163936 20 7 89 13
20180702 163937 20 14 87 21
20180702 163938 19 9 81 12
20180702 163939 19 5 88 11
20180702 163940 24 3 71 20
20180702 163941 19 7 78 17
20180702 163942 18 5 74 11
20180702 163943 22 3 79 16
20180702 163944 22 4 73 11
20180702 163945 24 11 82 14
20180702 163946 18 10 78 9
20180702 163947 27 9 73 13
20180702 163948 21 4 71 19
20180702 163949 27 2 85 9
20180702 163950 19 5 92 18
20180702 163951 19 10 87 13
20180702 163952 23 4 85 11
20180702 163953 24 6 73 11
20180702 163954 21 5 71 19
20180702 163955 25 7 86 17
20180702 163956 20 7 72 11
20180702 163957 21 2 72 18
20180702 163958 22 3 88 17
20180702 163959 20 8 71 9
20180702 164000 19 3 84 12
20180702 164001 17 2 85 17
20180702 164002 17 4 84 15
20180702 164003 18 5 79 11
20180702 164004 17 9 75 10
20180702 164005 28 10 86 15
20180702 164006 22 4 92 20
20180702 164007 19 5 91 10
20180702 164008 15 3 87 14
20180702 164009 16 7 73 13
20180702 164010 26 8 78 14
20180702 164012 25 14 78 14
20180702 164013 15 7 77 18
20180702 164014 22 4 82 17
20180702 164015 26 5 78 12
20180702 164016 23 5 75 13
20180702 164017 18 8 84 14
20180702 164018 19 9 82 15
20180702 164019 23 5 85 18
20180702 164020 23 4 79 16
20180702 164021 13 5 73 9
20180702 164022 25 5 73 16
20180702 164023 21 9 80 16
20180702 164024 22 9 79 20
20180702 164025 18 7 86 19
20180702 164026 18 4 89 15
20180702 164027 22 7 83 19
20180702 164028 18 11 80 21
20180702 164029 21 5 86 9
20180702 164030 19 0 71 14
20180702 164031 22 8 88 10
20180702 164032 24 10 77 17
20180702 164033 21 4 78 13
20180702 164034 18 1 77 18
20180702 164035 21 5 83 12
20180702 164036 30 9 85 17
20180702 164037 18 4 78 12
20180702 164038 25 11 78 10
20180702 164039 22 7 90 18
20180702 164040 26 6 81 12
20180702 164041 21 8 71 22
20180702 164042 27 10 82 11
20180702 164043 25 3 75 13
20180702 164044 16 2 74 13
20180702 164045 23 4 72 19
20180702 164046 22 3 89 16
20180702 164047 18 5 70 5
20180702 164048 24 6 85 20
20180702 164049 16 13 77 21
20180702 164050 24 4 82 19
20180702 164052 18 7 83 20
20180702 164053 17 5 82 16
20180702 164054 20 5 72 20
20180702 164055 19 1 88 12
20180702 164056 15 12 88 14
20180702 164057 17 7 73 18
20180702 164058 21 9 87 14
20180702 164059 19 3 84 11
20180702 164100 24 5 85 18
20180702 164101 21 3 82 19
20180702 164102 18 7 78 15
20180702 164103 26 7 83 20
20180702 164104 23 6 83 8
20180702 164105 21 8 72 14
20180702 164106 26 11 73 10
20180702 164107 26 2 87 20
20180702 164108 22 8 77 18
20180702 164109 21 5 84 14
20180702 164110 23 6 70 15
20180702 164111 20 12 78 13
20180702 164112 20 7 72 20
20180702 164113 23 4 76 11
20180702 164114 19 6 80 7
20180702 164115 24 6 70 16
20180702 164116 24 13 79 21
20180702 164117 20 11 68 16
20180702 164118 20 10 78 8
20180702 164119 24 13 75 20
20180702 164120 20 1 77 12
20180702 164121 29 8 80 12
20180702 164122 31 9 90 10
20180702 164123 23 4 78 17
20180702 164124 23 7 71 17
20180702 164125 29 10 80 15
20180702 164126 27 11 90 16
20180702 164127 20 6 80 10
20180702 164128 20 9 85 16
20180702 164129 24 4 74 12
20180702 164130 21 1 84 11
20180702 164132 21 13 97 13
20180702 164133 22 9 83 21
20180702 164134 24 6 79 12
20180702 164135 18 4 80 9
20180702 164136 21 5 79 24
20180702 164137 23 4 83 17
20180702 164138 22 8 82 21
20180702 164139 21 10 84 17
20180702 164140 19 10 79 16
20180702 164141 25 7 77 18
20180702 164142 18 8 71 16
20180702 164143 17 7 80 11
20180702 164144 19 1 74 18
20180702 164145 27 8 73 19
20180702 164146 19 8 74 10
20180702 164147 21 9 79 16
20180702 164148 24 3 81 15
20180702 164149 19 7 75 19
20180702 164150 20 12 87 17
20180702 164151 17 7 94 15
20180702 164152 23 0 78 14
20180702 164153 13 4 88 21
20180702 164154 20 7 77 12
20180702 164155 20 10 75 20
20180702 164156 22 6 81 13
20180702 164157 25 6 76 15
20180702 164158 25 6 70 13
20180702 164159 17 6 72 18
20180702 164200 26 3 81 12
20180702 164201 24 10 81 14
20180702 164202 25 9 90 15
20180702 164203 23 7 78 15
20180702 164204 19 10 86 14
20180702 164205 31 8 84 14
20180702 164206 22 2 79 17
20180702 164207 29 9 79 21
20180702 164208 20 9 69 13
20180702 164209 21 5 80 16
20180702 164211 16 6 86 18
20180702 164212 18 8 96 16
20180702 164213 20 8 73 20
20180702 164214 18 4 84 20
20180702 164215 21 7 88 12
20180702 164216 16 5 68 11
20180702 164217 24 6 82 19
20180702 164218 17 9 77 20
20180702 164219 17 5 89 16
20180702 164220 24 5 79 14
20180702 164221 23 9 81 20
20180702 164222 24 4 87 14
20180702 164223 20 4 73 11
20180702 164224 22 1 79 10
20180702 164225 20 13 83 19
20180702 164226 17 12 96 10
20180702 164227 20 8 92 15
20180702 164228 22 8 74 15
20180702 164229 16 4 67 13
20180702 164230 24 11 87 13
20180702 164231 15 6 82 12
20180702 164232 24 10 84 16
20180702 164233 23 5 82 14
20180702 164234 20 4 81 11
20180702 164235 20 12 85 17
20180702 164236 29 9 70 21
20180702 164237 19 9 88 17
20180702 164238 19 10 76 14
20180702 164239 15 2 84 7
20180702 164240 21 1 89 11
20180702 164241 19 8 90 14
20180702 164242 23 11 76 12
20180702 164243 14 8 81 11
20180702 164244 24 4 84 13
20180702 164245 25 8 90 15
20180702 164246 15 1 77 21
20180702 164247 16 9 78 18
20180702 164248 18 7 85 17
20180702 164249 21 8 83 11
20180702 164251 22 8 85 18
20180702 164252 21 7 86 14
20180702 164253 16 11 70 18
20180702 164254 23 13 81 23
20180702 164255 16 8 76 19
20180702 164256 20 9 74 16
20180702 164257 21 6 89 14
20180702 164258 16 6 76 19
20180702 164259 26 5 74 13
20180702 164300 19 3 73 20
20180702 164301 23 5 86 10
20180702 164302 16 14 93 14
20180702 164303 23 3 72 15
20180702 164304 23 3 83 17
20180702 164305 27 6 71 14
20180702 164306 22 8 72 24
20180702 164307 21 9 79 15
20180702 164308 23 10 88 16
20180702 164309 28 8 87 18
20180702 164310 26 9 79 12
20180702 164311 19 6 73 16
20180702 164312 21 0 79 18
20180702 164313 20 3 77 16
20180702 164314 21 7 84 15
20180702 164315 19 7 73 14
20180702 164316 26 2 77 17
20180702 164317 27 4 94 17
20180702 164318 22 8 73 13
20180702 164319 28 6 71 22
20180702 164320 23 6 75 14
20180702 164321 16 5 75 18
20180702 164322 26 10 76 10
20180702 164323 24 10 78 19
20180702 164324 15 3 72 14
20180702 164325 25 8 72 12
20180702 164326 25 9 80 11
20180702 164327 28 10 75 19
20180702 164328 21 6 74 13
20180702 164330 25 4 82 13
20180702 164331 14 9 94 16
20180702 164332 18 9 75 16
20180702 164333 17 4 85 17
20180702 164334 19 3 78 15
20180702 164335 18 3 75 21
20180702 164336 20 6 75 18
20180702 164337 17 6 94 13
20180702 164338 22 8 75 16
20180702 164339 16 8 75 14
20180702 164340 26 13 86 15
20180702 164341 18 8 76 16
20180702 164342 18 5 74 17
20180702 164343 19 9 79 7
20180702 164344 15 11 72 20
20180702 164345 23 10 73 11
20180702 164346 22 10 96 12
20180702 164347 21 6 71 7
20180702 164348 24 2 92 18
20180702 164349 19 6 85 12
20180702 164350 25 5 80 16
20180702 164351 25 11 83 10
20180702 164352 19 4 86 17
20180702 164353 26 9 93 15
20180702 164354 20 3 81 17
20180702 164355 24 2 73 8
20180702 164356 25 10 77 9
20180702 164357 24 2 71 10
20180702 164358 19 3 83 21
20180702 164359 25 13 93 14
20180702 164400 27 6 80 13
20180702 164401 21 10 74 19
20180702 164402 16 12 78 6
20180702 164403 19 8 84 11
20180702 164404 14 6 71 20
20180702 164405 22 6 85 18
20180702 164406 16 9 85 17
20180702 164407 24 10 78 14
20180702 164408 26 5 81 14
20180702 164410 31 6 88 8
20180702 164411 27 3 70 17
20180702 164412 21 6 80 15
20180702 164413 20 10 72 17
20180702 164414 25 8 89 15
20180702 164415 26 9 79 10
20180702 164416 20 5 82 11
20180702 164417 22 4 77 9
20180702 164418 26 5 86 19
20180702 164419 28 2 77 14
20180702 164420 23 9 87 11
20180702 164421 21 9 79 17
20180702 164422 25 6 81 18
20180702 164423 22 6 81 13
20180702 164424 23 7 83 16
20180702 164425 23 8 77 12
20180702 164426 21 6 76 17
20180702 164427 24 10 82 14
20180702 164428 16 13 76 12
20180702 164429 18 6 80 18
20180702 164430 18 6 81 13
20180702 164431 19 5 76 9
20180702 164432 21 0 86 16
20180702 164433 26 12 80 20
20180702 164434 20 9 97 18
20180702 164435 22 8 73 16
20180702 164436 16 7 73 17
20180702 164437 23 7 79 17
20180702 164438 25 11 83 17
20180702 164439 16 5 77 18
20180702 164440 28 6 82 17
20180702 164441 23 7 74 11
20180702 164442 20 5 78 14
20180702 164443 26 6 77 16
20180702 164444 20 3 87 13
20180702 164445 19 8 74 17
20180702 164446 23 8 83 14
20180702 164447 26 1 80 15
20180702 164449 19 3 81 15
20180702 164450 20 5 80 24
20180702 164451 24 7 82 12
20180702 164452 23 6 73 23
20180702 164453 24 7 84 19
20180702 164454 15 12 82 19
20180702 164455 23 9 86 6
20180702 164456 25 8 88 18
20180702 164457 21 8 72 13
20180702 164458 25 10 75 19
20180702 164459 18 4 78 12
20180702 164500 15 3 86 10
20180702 164501 29 10 81 16
20180702 164502 20 7 81 16
20180702 164503 25 8 89 17
20180702 164504 27 8 75 10
20180702 164505 27 5 78 24
20180702 164506 28 3 67 16
20180702 164507 20 10 77 19
20180702 164508 20 10 84 13
20180702 164509 17 4 85 17
20180702 164510 21 7 84 16
20180702 164511 22 7 76 15
20180702 164512 26 4 93 21
20180702 164513 23 4 96 14
20180702 164514 23 5 77 11
20180702 164515 27 12 72 13
20180702 164516 22 9 83 12
20180702 164517 21 8 74 16
20180702 164518 25 7 96 13
20180702 164519 17 6 71 21
20180702 164520 18 6 76 18
20180702 164521 26 9 73 15
20180702 164522 23 10 81 17
20180702 164523 22 8 85 17
20180702 164524 26 4 79 15
20180702 164525 22 10 78 15
20180702 164526 16 9 84 14
20180702 164527 18 6 79 10
20180702 164529 29 3 83 13
20180702 164530 24 9 80 10
20180702 164531 19 4 82 15
20180702 164532 29 8 83 11
20180702 164533 15 7 93 9
20180702 164534 23 3 83 17
20180702 164535 24 8 85 19
20180702 164536 22 13 90 15
20180702 164537 13 10 79 14
20180702 164538 14 13 89 12
20180702 164539 19 11 80 19
20180702 164540 23 5 69 17
20180702 164541 22 4 83 8
20180702 164542 20 7 93 12
20180702 164543 17 6 79 14
20180702 164544 22 13 81 17
20180702 164545 20 5 80 15
20180702 164546 21 9 88 12
20180702 164547 18 12 82 10
20180702 164548 17 6 79 16
20180702 164549 20 3 78 17
20180702 164550 17 9 87 19
20180702 164551 26 6 76 19
20180702 164552 25 4 75 16
20180702 164553 21 11 86 9
20180702 164554 20 4 83 10
20180702 164555 20 7 91 17
20180702 164556 23 8 75 23
20180702 164557 26 10 74 13
20180702 164558 27 10 71 16
20180702 164559 19 4 76 13
20180702 164600 24 1 85 12
20180702 164601 21 7 83 17
20180702 164602 21 11 95 20
20180702 164603 23 3 86 11
20180702 164604 19 10 87 15
20180702 164605 19 8 84 17
20180702 164606 16 8 82 14
20180702 164608 24 11 85 16
20180702 164609 28 5 84 10
20180702 164610 20 6 83 11
20180702 164611 18 7 87 13
20180702 164612 26 8 90 10
20180702 164613 21 8 79 19
20180702 164614 20 8 81 10
20180702 164615 22 5 75 12
20180702 164616 15 9 96 13
20180702 164617 29 9 80 16
20180702 164618 23 6 79 16
20180702 164619 22 5 80 20
20180702 164620 14 6 81 12
20180702 164621 19 5 75 22
20180702 164622 24 5 74 13
20180702 164623 24 10 91 18
20180702 164624 20 9 82 9
20180702 164625 21 6 83 21
20180702 164626 24 4 79 15
20180702 164627 20 4 81 15
20180702 164628 21 11 75 15
20180702 164629 27 7 87 11
20180702 164630 20 10 85 15
20180702 164631 20 9 85 17
20180702 164632 26 10 74 14
20180702 164633 19 2 84 10
20180702 164634 25 3 79 15
20180702 164635 26 7 77 11
20180702 164636 15 10 79 14
20180702 164637 22 9 79 11
20180702 164638 24 6 71 16
20180702 164639 20 2 75 15
20180702 164640 22 7 74 14
20180702 164641 16 6 85 22
20180702 164642 22 6 82 18
20180702 164643 26 6 82 16
20180702 164644 22 7 84 12
20180702 164645 19 6 76 17
20180702 164646 24 2 78 15
20180702 164648 26 9 84 8
20180702 164649 18 1 78 13
20180702 164650 20 11 72 16
20180702 164651 18 6 84 14
20180702 164652 16 2 86 12
20180702 164653 25 2 79 15
20180702 164654 24 -1 75 23
20180702 164655 25 2 89 11
20180702 164656 19 4 79 16
20180702 164657 23 8 85 21
20180702 164658 23 4 73 22
20180702 164659 18 10 93 14
20180702 164700 25 5 79 15
20180702 164701 26 2 77 6
20180702 164702 18 6 89 13
20180702 164703 14 6 91 16
20180702 164704 19 9 95 16
20180702 164705 20 11 78 13
20180702 164706 25 5 82 12
20180702 164707 22 1 79 12
20180702 164708 20 8 84 14
20180702 164709 26 5 78 15
20180702 164710 18 12 84 12
20180702 164711 24 4 84 17
20180702 164712 22 7 85 20
20180702 164713 20 11 87 19
20180702 164714 20 6 76 12
20180702 164715 24 11 88 16
20180702 164716 26 11 78 15
20180702 164717 18 6 82 12
20180702 164718 18 6 94 15
20180702 164719 24 10 88 9
20180702 164720 26 1 87 14
20180702 164721 17 6 81 17
20180702 164722 21 7 85 17
20180702 164723 29 8 71 21
20180702 164724 18 1 75 7
20180702 164725 21 3 73 15
20180702 164727 20 4 76 15
20180702 164728 19 11 83 16
20180702 164729 22 13 74 13
20180702 164730 23 11 87 12
20180702 164731 27 9 73 16
20180702 164732 29 9 83 12
20180702 164733 29 6 91 18
20180702 164734 27 11 84 11
20180702 164735 18 5 78 17
20180702 164736 25 6 84 12
20180702 164737 22 -1 82 12
20180702 164738 22 5 83 15
20180702 164739 24 9 98 9
20180702 164740 23 10 73 14
20180702 164741 21 7 81 15
20180702 164742 28 7 80 18
20180702 164743 22 14 81 16
20180702 164744 24 8 71 14
20180702 164745 20 5 71 19
20180702 164746 16 4 83 17
20180702 164747 25 6 80 15
20180702 164748 19 7 80 10
20180702 164749 17 7 81 11
20180702 164750 20 6 90 11
20180702 164751 17 3 83 23
20180702 164752 23 6 79 17
20180702 164753 17 9 87 19
20180702 164754 19 7 83 15
20180702 164755 23 2 79 12
20180702 164756 28 7 72 13
20180702 164757 27 9 73 20
20180702 164758 16 6 77 18
20180702 164759 21 6 84 10
20180702 164800 20 9 67 18
20180702 164801 16 8 84 9
20180702 164802 20 8 81 10
20180702 164803 24 11 93 17
20180702 164804 25 7 72 18
20180702 164805 24 6 71 14
20180702 164807 15 13 77 8
20180702 164808 27 5 77 19
20180702 164809 26 10 77 20
20180702 164810 20 6 86 10
20180702 164811 18 9 83 12
20180702 164812 25 4 82 19
20180702 164813 20 9 80 21
20180702 164814 18 7 86 12
20180702 164815 21 9 83 12
20180702 164816 27 6 98 18
20180702 164817 28 4 90 17
20180702 164818 21 9 84 21
20180702 164819 24 7 89 14
20180702 164820 27 11 78 14
20180702 164821 21 12 76 17
20180702 164822 15 4 74 10
20180702 164823 20 8 84 17
20180702 164824 22 5 77 11
20180702 164825 19 6 73 18
20180702 164826 21 9 71 13
20180702 164827 17 5 77 16
20180702 164828 16 9 74 16
20180702 164829 21 6 78 12
20180702 164830 19 7 68 12
20180702 164831 20 6 92 7
20180702 164832 16 9 85 8
20180702 164833 26 7 70 10
20180702 164834 16 3 87 13
20180702 164835 19 8 74 11
20180702 164836 14 10 83 14
20180702 164837 25 7 75 17
20180702 164838 24 2 81 14
20180702 164839 25 5 81 15
20180702 164840 21 6 76 12
20180702 164841 16 9 81 17
20180702 164842 20 6 78 13
20180702 164843 19 3 84 17
20180702 164844 17 9 83 15
20180702 164846 21 6 79 15
20180702 164847 21 7 77 19
20180702 164848 25 13 91 19
20180702 164849 26 5 78 17
20180702 164850 24 6 84 8
20180702 164851 30 1 75 12
20180702 164852 27 7 73 8
20180702 164853 20 4 74 15
20180702 164854 25 9 95 14
20180702 164855 26 7 87 13
20180702 164856 23 3 76 15
20180702 164857 20 6 82 19
20180702 164858 18 7 84 7
20180702 164859 25 8 72 17
20180702 164900 16 10 75 19
20180702 164901 25 3 76 18
20180702 164902 22 -1 76 6
20180702 164903 21 3 81 12
20180702 164904 20 13 82 16
20180702 164905 14 10 73 8
20180702 164906 19 6 91 13
20180702 164907 17 5 79 8
20180702 164908 20 1 74 16
20180702 164909 24 3 88 15
20180702 164910 20 7 81 17
20180702 164911 19 8 85 13
20180702 164912 15 1 90 16
20180702 164913 24 4 71 17
20180702 164914 29 9 72 11
20180702 164915 28 8 74 18
20180702 164916 16 3 82 16
20180702 164917 26 4 81 16
20180702 164918 19 5 73 13
20180702 164919 24 6 89 7
20180702 164920 25 10 73 20
20180702 164921 21 11 82 21
20180702 164922 24 7 97 24
20180702 164923 18 0 91 14
20180702 164924 19 10 79 20
20180702 164926 24 3 81 15
20180702 164927 22 8 85 16
20180702 164928 16 5 80 13
20180702 164929 24 6 87 18
20180702 164930 23 9 79 10
20180702 164931 22 9 90 22
20180702 164932 14 10 79 21
20180702 164933 25 3 82 20
20180702 164934 20 6 79 15
20180702 164935 16 5 82 19
20180702 164936 15 3 76 9
20180702 164937 20 1 69 12
20180702 164938 22 11 72 13
20180702 164939 20 5 94 19
20180702 164940 27 3 74 15
20180702 164941 22 1 76 16
20180702 164942 25 5 76 17
20180702 164943 25 6 71 14
20180702 164944 29 3 84 13
20180702 164945 25 10 73 12
20180702 164946 28 3 85 15
20180702 164947 20 13 77 20
20180702 164948 21 6 88 14
20180702 164949 22 9 76 13
20180702 164950 24 3 73 17
20180702 164951 19 6 87 15
20180702 164952 25 8 93 14
20180702 164953 24 5 86 12
20180702 164954 23 10 91 13
20180702 164955 15 9 81 13
20180702 164956 17 14 89 8
20180702 164957 25 11 79 12
20180702 164958 17 8 85 20
20180702 164959 20 11 86 17
20180702 165000 29 11 85 17
20180702 165001 19 3 73 13
20180702 165002 18 4 82 15
20180702 165003 23 3 86 10
20180702 165005 22 5 87 13
20180702 165006 22 8 93 13
20180702 165007 21 8 79 11
20180702 165008 26 5 72 20
20180702 165009 26 8 80 11
20180702 165010 19 9 77 12
20180702 165011 19 2 74 10
20180702 165012 30 8 84 18
20180702 165013 18 3 73 16
