20180702 170127 14 2 83 17
20180702 170128 17 -1 92 9
20180702 170129 15 5 81 17
20180702 170130 11 3 80 14
20180702 170131 19 9 87 14
20180702 170132 15 9 84 11
20180702 170133 10 7 75 16
20180702 170134 20 3 78 9
20180702 170135 17 6 77 8
20180702 170136 20 4 82 9
20180702 170137 16 5 76 20
20180702 170138 16 0 91 14
20180702 170139 18 6 81 13
20180702 170140 21 4 76 15
20180702 170141 19 3 80 12
20180702 170142 16 4 71 9
20180702 170143 16 9 75 10
20180702 170144 17 3 85 16
20180702 170145 28 7 94 17
20180702 170146 14 1 83 14
20180702 170147 25 4 88 12
20180702 170148 23 7 82 11
20180702 170149 14 5 74 7
20180702 170150 17 8 80 14
20180702 170151 18 6 80 18
20180702 170152 19 4 90 10
20180702 170153 13 3 88 14
20180702 170154 24 -1 73 9
20180702 170155 22 5 79 15
20180702 170156 19 5 73 18
20180702 170157 24 7 76 13
20180702 170158 17 5 80 8
20180702 170159 17 5 81 11
20180702 170200 16 6 94 13
20180702 170201 16 4 73 12
20180702 170202 17 2 74 10
20180702 170203 12 10 73 13
20180702 170204 19 1 92 10
20180702 170206 13 10 77 10
20180702 170207 16 4 74 11
20180702 170208 13 8 84 11
20180702 170209 18 1 81 16
20180702 170210 17 12 76 16
20180702 170211 19 4 86 6
20180702 170212 17 -1 87 12
20180702 170213 14 8 74 17
20180702 170214 20 7 78 14
20180702 170215 17 4 84 7
20180702 170216 17 6 86 15
20180702 170217 20 7 67 13
20180702 170218 18 8 78 6
20180702 170219 17 8 77 10
20180702 170220 17 9 89 13
20180702 170221 13 8 69 11
20180702 170222 19 4 85 16
20180702 170223 14 2 87 13
20180702 170224 21 9 71 16
20180702 170225 16 6 72 9
20180702 170226 15 8 71 11
20180702 170227 18 9 94 9
20180702 170228 19 2 70 10
20180702 170229 23 3 70 7
20180702 170230 23 7 79 11
20180702 170231 21 8 81 14
20180702 170232 14 4 85 18
20180702 170233 16 7 74 13
20180702 170234 18 5 84 11
20180702 170235 25 10 85 12
20180702 170236 20 10 85 12
20180702 170237 22 1 83 13
20180702 170238 13 0 78 18
20180702 170239 18 6 91 14
20180702 170240 20 6 80 9
20180702 170241 21 2 74 9
20180702 170242 17 4 86 10
20180702 170243 24 4 76 13
20180702 170244 13 7 84 15
20180702 170246 15 8 69 13
20180702 170247 18 2 92 18
20180702 170248 15 9 74 12
20180702 170249 17 5 82 18
20180702 170250 18 9 91 15
20180702 170251 18 1 71 12
20180702 170252 16 7 91 16
20180702 170253 12 3 69 19
20180702 170254 21 5 72 13
20180702 170255 16 3 78 8
20180702 170256 16 3 75 9
20180702 170257 16 6 71 8
20180702 170258 23 11 87 8
20180702 170259 26 5 89 10
20180702 170300 14 7 79 9
20180702 170301 14 2 81 9
20180702 170302 18 -1 90 12
20180702 170303 20 8 80 16
20180702 170304 13 10 72 10
20180702 170305 17 8 81 17
20180702 170306 24 5 95 14
20180702 170307 22 7 87 10
20180702 170308 20 8 90 17
20180702 170309 15 6 79 8
20180702 170310 13 5 81 15
20180702 170311 18 9 71 17
20180702 170312 19 8 77 8
20180702 170313 18 12 87 16
20180702 170314 14 7 81 8
20180702 170315 18 6 84 10
20180702 170316 20 2 76 10
20180702 170317 16 10 73 11
20180702 170318 20 4 73 16
20180702 170319 20 7 69 10
20180702 170320 19 3 87 16
20180702 170321 11 4 79 11
20180702 170322 23 8 79 13
20180702 170323 14 8 72 21
20180702 170325 14 3 70 12
20180702 170326 20 8 89 10
20180702 170327 17 6 77 20
20180702 170328 23 7 82 15
20180702 170329 17 8 76 10
20180702 170330 21 5 85 19
20180702 170331 21 2 75 17
20180702 170332 22 3 84 17
20180702 170333 22 10 81 17
20180702 170334 20 5 77 10
20180702 170335 18 3 90 17
20180702 170336 20 9 88 9
20180702 170337 18 13 89 18
20180702 170338 22 6 90 16
20180702 170339 21 1 82 9
20180702 170340 13 3 85 7
20180702 170341 21 6 73 8
20180702 170342 21 11 86 6
20180702 170343 19 3 78 14
20180702 170344 21 2 85 13
20180702 170345 21 8 71 11
20180702 170346 17 6 79 11
20180702 170347 20 10 69 16
20180702 170348 17 4 84 10
20180702 170349 20 5 88 8
20180702 170350 13 5 76 12
20180702 170351 18 8 74 11
20180702 170352 12 4 75 13
20180702 170353 19 8 94 5
20180702 170354 20 8 89 3
20180702 170355 19 7 81 10
20180702 170356 18 4 73 9
20180702 170357 14 7 85 5
20180702 170358 17 8 82 9
20180702 170359 12 9 79 14
20180702 170400 23 8 79 12
20180702 170401 22 7 85 12
20180702 170402 20 3 83 13
20180702 170404 18 1 85 10
20180702 170405 22 5 67 11
20180702 170406 23 3 88 12
20180702 170407 23 6 87 18
20180702 170408 19 4 73 6
20180702 170409 19 8 80 15
20180702 170410 16 6 88 10
20180702 170411 19 12 92 14
20180702 170412 20 5 74 5
20180702 170413 19 10 80 12
20180702 170414 20 6 75 15
20180702 170415 20 4 82 17
20180702 170416 20 7 89 14
20180702 170417 14 6 87 11
20180702 170418 17 8 72 10
20180702 170419 16 2 85 11
20180702 170420 18 5 78 13
20180702 170421 14 6 75 16
20180702 170422 17 4 70 15
20180702 170423 20 5 80 9
20180702 170424 15 2 81 11
20180702 170425 15 4 74 6
20180702 170426 17 7 85 10
20180702 170427 16 5 76 18
20180702 170428 17 7 81 12
20180702 170429 26 8 77 11
20180702 170430 16 -2 83 6
20180702 170431 17 2 85 10
20180702 170432 16 6 80 17
20180702 170433 15 6 81 12
20180702 170434 21 7 79 13
20180702 170435 21 12 80 15
20180702 170436 17 10 80 16
20180702 170437 18 7 80 16
20180702 170438 18 9 83 12
20180702 170439 24 0 89 18
20180702 170440 14 1 83 10
20180702 170441 19 6 86 15
20180702 170442 24 3 78 11
20180702 170444 21 -1 85 13
20180702 170445 18 14 85 9
20180702 170446 13 7 80 8
20180702 170447 16 3 88 17
20180702 170448 21 5 74 16
20180702 170449 15 9 82 15
20180702 170450 21 5 73 15
20180702 170451 12 6 91 19
20180702 170452 18 3 82 17
20180702 170453 23 11 85 14
20180702 170454 19 6 75 18
20180702 170455 18 2 81 19
20180702 170456 22 9 76 9
20180702 170457 11 3 87 14
20180702 170458 15 6 81 19
20180702 170459 19 5 74 8
20180702 170500 14 7 67 10
20180702 170501 14 7 85 13
20180702 170502 22 4 77 6
20180702 170503 16 4 84 11
20180702 170504 16 6 82 16
20180702 170505 17 -1 76 16
20180702 170506 19 7 73 14
20180702 170507 23 1 80 9
20180702 170508 21 7 74 8
20180702 170509 17 6 78 15
20180702 170510 12 7 72 10
20180702 170511 15 0 72 12
20180702 170512 17 8 77 12
20180702 170513 15 7 91 14
20180702 170514 21 8 85 15
20180702 170515 16 7 86 16
20180702 170516 19 2 71 17
20180702 170517 18 4 84 4
20180702 170518 20 9 75 5
20180702 170519 16 6 78 19
20180702 170520 23 9 76 17
20180702 170521 22 6 82 14
20180702 170523 23 7 68 15
20180702 170524 17 0 90 12
20180702 170525 20 8 88 18
20180702 170526 15 2 77 15
20180702 170527 19 6 77 15
20180702 170528 20 6 81 15
20180702 170529 23 7 77 14
20180702 170530 13 1 78 10
20180702 170531 18 8 83 13
20180702 170532 17 3 76 16
20180702 170533 17 7 82 12
20180702 170534 18 6 81 13
20180702 170535 21 1 77 11
20180702 170536 16 7 75 10
20180702 170537 20 9 74 10
20180702 170538 16 6 69 7
20180702 170539 19 6 81 10
20180702 170540 16 9 84 15
20180702 170541 12 11 89 14
20180702 170542 24 5 76 9
20180702 170543 13 2 75 11
20180702 170544 16 4 86 13
20180702 170545 21 3 73 8
20180702 170546 20 0 80 15
20180702 170547 24 7 84 10
20180702 170548 22 11 69 13
20180702 170549 13 9 83 10
20180702 170550 27 5 81 10
20180702 170551 21 4 78 14
20180702 170552 20 2 83 11
20180702 170553 14 8 86 8
20180702 170554 19 6 74 12
20180702 170555 19 8 84 18
20180702 170556 23 5 79 11
20180702 170557 22 5 72 10
20180702 170558 20 3 73 10
20180702 170559 21 10 83 19
20180702 170600 13 10 72 7
20180702 170602 25 12 77 10
20180702 170603 24 6 85 21
20180702 170604 20 6 74 7
20180702 170605 17 3 69 9
20180702 170606 12 11 80 7
20180702 170607 14 6 76 9
20180702 170608 14 6 78 14
20180702 170609 19 3 86 9
20180702 170610 25 2 86 17
20180702 170611 22 4 83 17
20180702 170612 24 5 77 10
20180702 170613 13 6 66 10
20180702 170614 16 9 71 10
20180702 170615 19 11 78 11
20180702 170616 23 5 82 18
20180702 170617 20 6 72 13
20180702 170618 23 3 77 17
20180702 170619 17 1 74 11
20180702 170620 22 5 80 15
20180702 170621 15 3 80 12
20180702 170622 20 2 82 19
20180702 170623 17 2 76 11
20180702 170624 16 7 95 11
20180702 170625 16 5 95 13
20180702 170626 14 5 76 11
20180702 170627 19 3 75 9
20180702 170628 12 -1 71 12
20180702 170629 18 6 91 12
20180702 170630 19 7 73 18
20180702 170631 10 9 84 6
20180702 170632 17 8 80 10
20180702 170633 21 5 75 14
20180702 170634 16 11 70 8
20180702 170635 14 6 84 10
20180702 170636 21 9 75 18
20180702 170637 15 -1 71 11
20180702 170638 14 4 79 12
20180702 170639 14 6 76 10
20180702 170640 16 0 72 4
20180702 170642 21 6 80 8
20180702 170643 16 10 73 8
20180702 170644 15 8 81 14
20180702 170645 16 5 84 11
20180702 170646 20 0 83 16
20180702 170647 19 5 83 19
20180702 170648 22 3 91 11
20180702 170649 18 7 83 14
20180702 170650 19 9 69 11
20180702 170651 20 7 82 16
20180702 170652 19 6 92 16
20180702 170653 17 9 84 9
20180702 170654 21 3 84 5
20180702 170655 13 7 70 20
20180702 170656 16 2 72 7
20180702 170657 24 7 79 15
20180702 170658 23 5 71 7
20180702 170659 14 8 71 12
20180702 170700 14 10 84 14
20180702 170701 12 7 70 16
20180702 170702 22 4 83 14
20180702 170703 16 7 75 13
20180702 170704 14 8 80 10
20180702 170705 11 11 92 14
20180702 170706 25 5 78 13
20180702 170707 15 5 80 10
20180702 170708 12 5 92 15
20180702 170709 16 3 80 9
20180702 170710 12 8 72 6
20180702 170711 20 -2 80 17
20180702 170712 18 5 74 13
20180702 170713 18 6 89 7
20180702 170714 17 8 75 19
20180702 170715 24 8 71 16
20180702 170716 18 8 83 15
20180702 170717 17 4 86 12
20180702 170718 13 8 79 13
20180702 170719 17 5 82 9
20180702 170721 18 3 87 13
20180702 170722 22 1 75 14
20180702 170723 18 4 86 10
20180702 170724 27 5 77 7
20180702 170725 20 2 89 13
20180702 170726 20 2 72 12
20180702 170727 15 1 86 14
20180702 170728 22 7 70 7
20180702 170729 17 6 91 9
20180702 170730 18 4 80 19
20180702 170731 13 4 74 12
20180702 170732 22 12 90 11
20180702 170733 17 2 85 14
20180702 170734 18 4 87 9
20180702 170735 21 2 75 15
20180702 170736 12 6 86 16
20180702 170737 19 2 78 11
20180702 170738 23 11 77 16
20180702 170739 20 4 76 9
20180702 170740 18 4 81 17
20180702 170741 17 3 71 11
20180702 170742 16 2 79 15
20180702 170743 18 7 85 19
20180702 170744 20 3 79 12
20180702 170745 15 12 73 16
20180702 170746 15 4 82 16
20180702 170747 20 7 74 7
20180702 170748 17 5 82 14
20180702 170749 21 9 82 10
20180702 170750 16 10 69 12
20180702 170751 15 1 80 12
20180702 170752 19 3 80 9
20180702 170753 10 7 86 12
20180702 170754 14 7 80 19
20180702 170755 20 10 83 17
20180702 170756 20 9 82 11
20180702 170757 12 1 74 17
20180702 170758 15 5 89 10
20180702 170800 23 7 81 20
20180702 170801 16 8 68 17
20180702 170802 15 6 88 14
20180702 170803 22 10 75 8
20180702 170804 15 12 74 6
20180702 170805 21 9 80 10
20180702 170806 18 9 78 12
20180702 170807 18 4 82 8
20180702 170808 23 8 75 18
20180702 170809 20 6 93 10
20180702 170810 19 7 72 14
20180702 170811 16 8 80 14
20180702 170812 21 7 86 14
20180702 170813 18 2 78 10
20180702 170814 17 5 70 17
20180702 170815 20 2 93 13
20180702 170816 18 8 72 10
20180702 170817 21 7 73 7
20180702 170818 19 5 76 16
20180702 170819 16 2 75 13
20180702 170820 17 6 80 9
20180702 170821 14 6 83 11
20180702 170822 14 3 83 13
20180702 170823 21 5 71 13
20180702 170824 17 9 71 15
20180702 170825 12 2 76 12
20180702 170826 22 5 87 13
20180702 170827 23 2 85 10
20180702 170828 26 3 82 7
20180702 170829 24 8 73 8
20180702 170830 16 4 83 15
20180702 170831 18 1 78 13
20180702 170832 16 5 75 11
20180702 170833 26 4 78 13
20180702 170834 15 1 75 11
20180702 170835 17 11 84 14
20180702 170836 18 3 83 18
20180702 170837 16 10 69 10
20180702 170838 22 7 85 16
20180702 170840 19 6 82 9
20180702 170841 18 8 73 13
20180702 170842 18 8 76 15
20180702 170843 13 9 91 9
20180702 170844 19 8 82 13
20180702 170845 16 3 71 16
20180702 170846 17 6 71 15
20180702 170847 15 2 92 13
20180702 170848 14 3 82 10
20180702 170849 19 9 70 15
20180702 170850 22 9 73 12
20180702 170851 15 5 77 14
20180702 170852 20 3 81 6
20180702 170853 16 6 74 19
20180702 170854 16 2 90 12
20180702 170855 19 6 73 11
20180702 170856 22 5 78 14
20180702 170857 17 5 73 7
20180702 170858 16 7 77 11
20180702 170859 19 3 67 10
20180702 170900 16 6 84 7
20180702 170901 12 0 76 12
20180702 170902 21 8 71 14
20180702 170903 16 6 81 15
20180702 170904 23 5 81 10
20180702 170905 17 6 83 11
20180702 170906 18 6 90 9
20180702 170907 18 3 74 16
20180702 170908 23 3 84 6
20180702 170909 12 5 82 10
20180702 170910 17 2 77 18
20180702 170911 17 7 79 17
20180702 170912 23 9 81 14
20180702 170913 14 7 84 14
20180702 170914 17 2 85 16
20180702 170915 18 6 75 14
20180702 170916 22 6 84 10
20180702 170917 14 3 90 11
20180702 170919 16 11 80 16
20180702 170920 24 9 71 13
20180702 170921 14 6 83 11
20180702 170922 18 5 88 16
20180702 170923 22 3 83 12
20180702 170924 16 10 78 10
20180702 170925 22 4 78 13
20180702 170926 13 9 87 19
20180702 170927 18 9 79 19
20180702 170928 21 4 86 17
20180702 170929 21 9 94 13
20180702 170930 26 4 71 15
20180702 170931 18 7 76 8
20180702 170932 15 4 79 18
20180702 170933 26 4 75 20
20180702 170934 11 7 75 13
20180702 170935 14 8 77 13
20180702 170936 17 6 75 18
20180702 170937 17 6 79 13
20180702 170938 23 10 88 14
20180702 170939 21 9 90 12
20180702 170940 22 5 85 10
20180702 170941 12 9 82 16
20180702 170942 15 1 78 11
20180702 170943 18 9 87 15
20180702 170944 21 1 69 5
20180702 170945 17 2 80 8
20180702 170946 16 4 80 11
20180702 170947 21 10 85 16
20180702 170948 17 2 77 15
20180702 170949 17 6 82 13
20180702 170950 17 8 79 10
20180702 170951 19 4 89 13
20180702 170952 15 3 74 20
20180702 170953 16 4 79 17
20180702 170954 12 6 89 13
20180702 170955 18 2 84 13
20180702 170956 18 6 83 12
20180702 170958 18 6 92 10
20180702 170959 20 -1 76 15
20180702 171000 22 0 78 8
20180702 171001 14 8 79 10
20180702 171002 20 6 85 13
20180702 171003 18 7 73 9
20180702 171004 22 6 87 11
20180702 171005 17 9 82 15
20180702 171006 17 3 79 12
20180702 171007 19 2 82 16
20180702 171008 16 5 82 14
20180702 171009 24 8 80 11
20180702 171010 23 6 83 12
20180702 171011 28 5 82 7
20180702 171012 24 11 84 17
20180702 171013 10 2 87 16
20180702 171014 19 7 82 4
20180702 171015 23 3 76 16
20180702 171016 19 10 73 14
20180702 171017 21 3 90 16
20180702 171018 20 7 90 11
20180702 171019 13 9 78 9
20180702 171020 13 1 87 22
20180702 171021 24 2 72 11
20180702 171022 20 7 76 11
20180702 171023 17 7 78 9
20180702 171024 16 7 94 12
20180702 171025 17 10 83 11
20180702 171026 15 7 87 13
20180702 171027 16 7 78 12
20180702 171028 23 1 81 9
20180702 171029 16 12 79 16
20180702 171030 16 8 71 16
20180702 171031 15 7 89 11
20180702 171032 22 10 87 5
20180702 171033 13 3 81 6
20180702 171034 23 4 81 15
20180702 171035 14 2 81 10
20180702 171037 14 7 72 12
20180702 171038 21 1 82 11
20180702 171039 10 7 79 18
20180702 171040 21 2 71 9
20180702 171041 16 10 78 7
20180702 171042 20 9 74 15
20180702 171043 15 8 78 7
20180702 171044 19 1 75 12
20180702 171045 15 0 82 9
20180702 171046 19 1 75 16
20180702 171047 15 7 71 14
20180702 171048 26 2 87 15
20180702 171049 15 1 93 17
20180702 171050 27 1 79 11
20180702 171051 13 5 90 10
20180702 171052 20 6 71 14
20180702 171053 22 12 87 7
20180702 171054 20 7 81 13
20180702 171055 14 10 72 17
20180702 171056 19 6 75 5
20180702 171057 19 2 77 12
20180702 171058 22 9 88 17
20180702 171059 15 3 77 15
20180702 171100 13 4 86 13
20180702 171101 18 0 86 11
20180702 171102 14 7 92 19
20180702 171103 24 4 85 15
20180702 171104 20 4 89 12
20180702 171105 17 14 74 19
20180702 171106 23 8 76 12
20180702 171107 21 3 78 8
20180702 171108 22 5 81 10
20180702 171109 13 3 73 14
20180702 171110 21 9 78 15
20180702 171111 10 7 73 11
20180702 171112 21 7 77 14
20180702 171113 15 6 80 10
20180702 171114 20 8 71 10
20180702 171115 17 7 76 14
20180702 171117 12 6 85 17
20180702 171118 18 7 70 11
20180702 171119 22 4 76 18
20180702 171120 22 5 80 16
20180702 171121 11 11 71 14
20180702 171122 20 5 78 12
20180702 171123 14 9 84 11
20180702 171124 15 7 76 12
20180702 171125 18 6 76 14
20180702 171126 19 2 86 18
20180702 171127 15 6 83 12
20180702 171128 20 9 79 13
20180702 171129 23 7 85 10
20180702 171130 21 3 73 14
20180702 171131 19 6 81 9
20180702 171132 18 9 80 18
20180702 171133 18 5 83 5
20180702 171134 19 7 83 17
20180702 171135 19 9 82 6
20180702 171136 16 5 71 18
20180702 171137 15 9 82 12
20180702 171138 16 5 77 15
20180702 171139 13 2 89 15
20180702 171140 22 8 83 13
20180702 171141 18 7 89 17
20180702 171142 16 4 80 9
20180702 171143 21 6 88 16
20180702 171144 19 8 85 15
20180702 171145 21 8 73 21
20180702 171146 18 2 88 9
20180702 171147 16 7 71 12
20180702 171148 18 4 74 21
20180702 171149 9 7 95 16
20180702 171150 14 2 70 12
20180702 171151 14 8 87 19
20180702 171152 11 7 80 13
20180702 171153 14 12 68 20
20180702 171154 22 5 74 8
20180702 171156 17 6 85 9
20180702 171157 14 6 73 14
20180702 171158 20 4 76 11
20180702 171159 24 7 80 5
20180702 171200 14 7 88 9
20180702 171201 16 10 75 9
20180702 171202 15 10 78 8
20180702 171203 17 4 85 9
20180702 171204 17 9 82 7
20180702 171205 16 7 75 11
20180702 171206 14 13 76 7
20180702 171207 15 6 89 9
20180702 171208 17 -1 73 14
20180702 171209 19 7 83 14
20180702 171210 17 3 79 12
20180702 171211 13 2 81 14
20180702 171212 17 9 73 5
20180702 171213 17 8 77 12
20180702 171214 20 5 72 7
20180702 171215 17 4 86 7
20180702 171216 20 10 90 7
20180702 171217 15 7 78 16
20180702 171218 17 2 86 9
20180702 171219 17 3 73 12
20180702 171220 24 2 83 13
20180702 171221 14 -1 78 12
20180702 171222 23 9 84 13
20180702 171223 12 12 71 17
20180702 171224 19 5 81 13
20180702 171225 21 12 77 13
20180702 171226 20 4 69 7
20180702 171227 17 5 80 14
20180702 171228 22 1 77 17
20180702 171229 10 6 78 16
20180702 171230 20 10 80 9
20180702 171231 20 7 80 13
20180702 171232 17 2 82 17
20180702 171233 24 6 85 9
20180702 171235 12 8 71 9
20180702 171236 20 3 81 12
20180702 171237 19 5 77 12
20180702 171238 22 5 88 7
20180702 171239 17 5 71 13
20180702 171240 23 4 73 15
20180702 171241 19 4 81 11
20180702 171242 20 4 80 10
20180702 171243 14 4 78 19
20180702 171244 18 9 79 10
20180702 171245 16 4 75 13
20180702 171246 14 5 88 10
20180702 171247 16 2 92 9
20180702 171248 16 6 83 17
20180702 171249 18 14 84 10
20180702 171250 15 2 84 16
20180702 171251 12 7 84 12
20180702 171252 11 2 67 17
20180702 171253 23 8 82 12
20180702 171254 17 8 82 6
20180702 171255 15 8 74 17
20180702 171256 18 0 90 20
20180702 171257 23 8 76 13
20180702 171258 18 5 69 17
20180702 171259 19 2 82 22
20180702 171300 15 6 80 9
20180702 171301 21 6 78 9
20180702 171302 15 4 70 15
20180702 171303 15 4 79 9
20180702 171304 12 6 81 21
20180702 171305 20 4 87 11
20180702 171306 18 2 75 14
20180702 171307 16 11 78 11
20180702 171308 19 1 82 14
20180702 171309 23 10 81 6
20180702 171310 21 4 84 9
20180702 171311 21 2 74 18
20180702 171312 23 4 69 13
20180702 171313 14 10 81 13
20180702 171315 18 8 84 9
20180702 171316 18 0 92 13
20180702 171317 16 9 81 8
20180702 171318 19 4 86 8
20180702 171319 24 5 80 10
20180702 171320 21 6 79 20
20180702 171321 21 9 80 10
20180702 171322 14 7 80 10
20180702 171323 17 6 75 21
20180702 171324 24 5 89 9
20180702 171325 16 7 69 16
20180702 171326 27 5 83 22
20180702 171327 25 7 77 12
20180702 171328 13 0 77 12
20180702 171329 19 7 89 13
20180702 171330 11 6 69 8
20180702 171331 18 4 74 7
20180702 171332 14 3 81 12
20180702 171333 20 6 75 12
20180702 171334 12 5 87 12
20180702 171335 15 7 77 10
20180702 171336 16 6 83 17
20180702 171337 16 4 78 18
20180702 171338 15 4 85 14
20180702 171339 17 8 80 13
20180702 171340 17 4 81 19
20180702 171341 19 6 75 16
20180702 171342 17 9 89 8
20180702 171343 26 4 77 7
20180702 171344 16 5 74 11
20180702 171345 22 9 82 10
20180702 171346 12 4 93 15
20180702 171347 18 2 79 13
20180702 171348 18 5 70 19
20180702 171349 23 3 78 8
20180702 171350 24 4 75 19
20180702 171351 22 10 76 13
20180702 171352 23 4 78 17
20180702 171354 16 6 82 15
20180702 171355 22 8 82 15
20180702 171356 26 5 73 12
20180702 171357 18 6 80 13
20180702 171358 18 10 77 17
20180702 171359 18 1 78 18
20180702 171400 19 7 83 11
20180702 171401 12 8 83 11
20180702 171402 16 7 80 17
20180702 171403 14 7 81 13
20180702 171404 19 4 73 14
20180702 171405 20 7 82 11
20180702 171406 15 2 76 16
20180702 171407 17 10 82 15
20180702 171408 19 3 67 7
20180702 171409 16 9 77 8
20180702 171410 14 2 73 10
20180702 171411 21 5 72 13
20180702 171412 23 7 84 9
20180702 171413 12 9 86 13
20180702 171414 19 2 87 15
20180702 171415 16 6 72 15
20180702 171416 14 4 71 11
20180702 171417 25 9 80 13
20180702 171418 21 3 79 14
20180702 171419 15 10 86 19
20180702 171420 15 2 83 18
20180702 171421 22 9 71 10
20180702 171422 20 4 75 7
20180702 171423 20 7 73 17
20180702 171424 15 5 73 11
20180702 171425 20 7 87 9
20180702 171426 14 6 80 13
20180702 171427 14 9 74 17
20180702 171428 13 7 77 13
20180702 171429 18 3 83 17
20180702 171430 21 6 82 20
20180702 171431 10 6 73 9
20180702 171433 15 7 80 15
20180702 171434 24 -3 80 7
20180702 171435 14 7 86 13
20180702 171436 13 8 78 15
20180702 171437 16 9 81 12
20180702 171438 16 5 90 20
20180702 171439 14 7 79 18
20180702 171440 14 8 89 13
20180702 171441 18 4 79 12
20180702 171442 12 7 83 9
20180702 171443 20 10 74 9
20180702 171444 19 10 70 11
20180702 171445 15 5 83 14
20180702 171446 23 4 72 13
20180702 171447 22 9 83 9
20180702 171448 22 5 78 15
20180702 171449 20 3 72 8
20180702 171450 16 6 85 16
20180702 171451 20 1 75 16
20180702 171452 17 5 81 17
20180702 171453 22 7 96 15
20180702 171454 16 4 85 10
20180702 171455 20 9 74 10
20180702 171456 14 4 80 8
20180702 171457 18 7 87 9
20180702 171458 13 8 74 13
20180702 171459 24 7 73 14
20180702 171500 20 6 74 10
20180702 171501 20 2 75 16
20180702 171502 21 1 91 9
20180702 171503 22 5 78 16
20180702 171504 19 8 89 15
20180702 171505 22 4 85 18
20180702 171506 14 9 84 15
20180702 171507 12 1 74 18
20180702 171508 17 6 97 15
20180702 171509 26 4 79 10
20180702 171510 16 9 81 9
20180702 171511 18 6 85 11
20180702 171513 21 5 79 13
20180702 171514 17 1 79 8
20180702 171515 14 2 86 18
20180702 171516 21 2 83 10
20180702 171517 14 4 79 18
20180702 171518 21 7 76 15
20180702 171519 19 8 69 14
20180702 171520 22 10 89 15
20180702 171521 17 6 75 13
20180702 171522 24 3 88 12
20180702 171523 19 4 73 10
20180702 171524 15 9 82 13
20180702 171525 16 7 79 14
20180702 171526 16 4 89 15
20180702 171527 15 1 80 11
20180702 171528 16 3 84 18
20180702 171529 21 2 87 12
20180702 171530 25 3 88 7
20180702 171531 26 6 76 16
20180702 171532 17 4 80 18
20180702 171533 20 2 79 5
20180702 171534 16 1 79 9
20180702 171535 17 -2 89 11
20180702 171536 26 8 81 10
20180702 171537 12 6 79 11
20180702 171538 13 4 79 17
20180702 171539 18 5 83 14
20180702 171540 17 2 68 15
20180702 171541 23 10 80 18
20180702 171542 18 3 78 11
20180702 171543 19 9 82 13
20180702 171544 21 8 82 9
20180702 171545 19 8 72 12
20180702 171546 20 -1 78 12
20180702 171547 23 6 84 17
20180702 171548 21 3 77 13
20180702 171549 18 13 73 7
20180702 171550 19 8 81 15
20180702 171552 13 4 78 15
20180702 171553 14 6 82 12
20180702 171554 20 9 84 11
20180702 171555 15 9 80 13
20180702 171556 13 3 84 15
20180702 171557 21 6 74 12
20180702 171558 24 8 78 16
20180702 171559 18 7 73 12
20180702 171600 16 10 83 8
20180702 171601 15 2 69 16
20180702 171602 18 10 83 10
20180702 171603 19 7 88 11
20180702 171604 24 3 76 11
20180702 171605 16 7 76 12
20180702 171606 16 5 71 12
20180702 171607 23 4 70 9
20180702 171608 16 3 79 16
20180702 171609 14 5 95 15
20180702 171610 19 4 84 5
20180702 171611 12 10 90 11
20180702 171612 19 5 70 12
20180702 171613 23 7 78 6
20180702 171614 22 4 72 10
20180702 171615 18 4 85 16
20180702 171616 20 6 68 7
20180702 171617 22 7 80 10
20180702 171618 21 2 96 10
20180702 171619 16 2 71 12
20180702 171620 14 6 71 9
20180702 171621 14 11 67 21
20180702 171622 18 8 79 13
20180702 171623 13 8 78 11
20180702 171624 21 7 75 11
20180702 171625 21 2 69 20
20180702 171626 13 5 81 7
20180702 171627 16 7 73 14
20180702 171628 18 6 82 12
20180702 171629 19 11 77 12
20180702 171631 14 7 76 13
20180702 171632 16 6 78 21
20180702 171633 17 2 70 17
20180702 171634 12 6 71 9
20180702 171635 24 2 79 11
20180702 171636 17 7 93 17
20180702 171637 15 2 86 11
20180702 171638 20 5 84 13
20180702 171639 19 7 69 11
20180702 171640 20 4 73 9
20180702 171641 14 4 82 8
20180702 171642 18 4 72 6
20180702 171643 11 4 80 12
20180702 171644 16 7 77 7
20180702 171645 18 8 72 15
20180702 171646 18 5 71 14
20180702 171647 16 9 81 13
20180702 171648 12 6 88 12
20180702 171649 22 8 84 9
20180702 171650 16 10 80 15
20180702 171651 17 5 72 12
20180702 171652 18 8 79 12
20180702 171653 22 9 67 10
20180702 171654 18 5 88 17
20180702 171655 13 2 75 16
20180702 171656 20 5 79 21
20180702 171657 13 11 85 13
20180702 171658 24 -1 74 15
20180702 171659 11 6 73 14
20180702 171700 18 6 80 13
20180702 171701 26 11 82 12
20180702 171702 19 10 86 13
20180702 171703 9 7 76 17
20180702 171704 15 1 84 13
20180702 171705 20 4 79 8
20180702 171706 25 5 70 7
20180702 171707 18 4 75 5
20180702 171708 13 4 84 13
20180702 171710 12 10 74 16
20180702 171711 15 7 76 16
20180702 171712 13 10 69 13
20180702 171713 15 6 75 14
20180702 171714 14 5 79 7
20180702 171715 14 -1 88 12
20180702 171716 10 4 84 6
20180702 171717 20 11 76 6
20180702 171718 13 8 76 5
20180702 171719 21 6 71 18
20180702 171720 21 3 79 7
20180702 171721 17 6 73 14
20180702 171722 17 6 82 12
20180702 171723 17 6 77 8
20180702 171724 15 9 80 15
20180702 171725 15 2 81 17
20180702 171726 20 9 72 10
20180702 171727 13 9 77 12
20180702 171728 22 6 73 12
20180702 171729 24 5 78 5
20180702 171730 22 12 75 15
20180702 171731 26 7 75 17
20180702 171732 18 4 80 10
20180702 171733 17 4 71 8
20180702 171734 15 4 96 21
20180702 171735 18 3 87 13
20180702 171736 21 6 71 18
20180702 171737 14 4 84 21
20180702 171738 18 3 81 14
20180702 171739 23 7 78 12
20180702 171740 18 9 79 18
20180702 171741 17 3 68 8
20180702 171742 19 7 75 13
20180702 171743 21 9 81 12
20180702 171744 15 5 81 7
20180702 171745 19 7 84 10
20180702 171746 23 5 81 7
20180702 171747 19 4 85 13
20180702 171748 17 2 77 13
20180702 171750 21 5 69 5
20180702 171751 17 0 69 21
20180702 171752 19 6 83 13
20180702 171753 17 7 72 10
20180702 171754 17 3 83 10
20180702 171755 24 8 78 7
20180702 171756 14 7 77 11
20180702 171757 18 2 81 13
20180702 171758 18 5 84 10
20180702 171759 12 3 86 14
20180702 171800 16 10 77 12
20180702 171801 16 5 76 11
20180702 171802 19 -1 80 13
20180702 171803 21 1 90 14
20180702 171804 17 6 78 8
20180702 171805 24 12 84 21
20180702 171806 24 2 80 15
20180702 171807 15 6 75 15
20180702 171808 15 7 82 14
20180702 171809 13 3 78 11
20180702 171810 13 1 74 11
20180702 171811 19 3 75 9
20180702 171812 13 10 73 6
20180702 171813 16 8 77 17
20180702 171814 19 6 76 6
20180702 171815 14 4 79 17
20180702 171816 18 6 75 11
20180702 171817 17 4 84 12
20180702 171818 16 3 74 10
20180702 171819 12 6 72 12
20180702 171820 15 2 79 6
20180702 171821 15 5 71 6
20180702 171822 17 10 77 15
20180702 171823 12 0 75 12
20180702 171824 22 5 72 8
20180702 171825 13 0 83 15
20180702 171826 20 3 82 8
20180702 171827 17 9 77 8
20180702 171829 27 3 82 5
20180702 171830 20 2 79 13
20180702 171831 12 3 80 15
20180702 171832 15 6 74 13
20180702 171833 15 2 81 19
20180702 171834 16 5 92 13
20180702 171835 15 6 93 12
20180702 171836 19 6 84 11
20180702 171837 14 5 97 15
20180702 171838 18 10 87 13
20180702 171839 28 3 72 16
20180702 171840 23 7 91 4
20180702 171841 24 10 74 8
20180702 171842 17 4 72 8
20180702 171843 22 4 76 17
20180702 171844 17 9 88 15
20180702 171845 16 7 87 14
20180702 171846 14 6 69 13
20180702 171847 15 2 91 13
20180702 171848 24 6 75 14
20180702 171849 22 5 69 15
20180702 171850 14 5 76 13
20180702 171851 15 8 79 19
20180702 171852 22 5 83 11
20180702 171853 20 7 75 10
20180702 171854 18 6 82 15
20180702 171855 16 7 86 15
20180702 171856 19 6 76 7
20180702 171857 18 3 81 12
20180702 171858 19 2 72 11
20180702 171859 19 9 83 17
20180702 171900 20 3 82 10
20180702 171901 14 10 79 17
20180702 171902 20 6 87 13
20180702 171903 16 8 76 11
20180702 171904 17 10 68 13
20180702 171905 22 6 72 20
20180702 171906 20 7 78 13
20180702 171908 16 6 83 12
20180702 171909 18 7 85 12
20180702 171910 15 7 82 14
20180702 171911 20 4 75 15
20180702 171912 22 8 67 12
20180702 171913 19 3 71 13
20180702 171914 22 13 86 20
20180702 171915 14 5 72 11
20180702 171916 15 5 87 20
20180702 171917 16 7 75 7
20180702 171918 13 6 81 13
20180702 171919 22 5 84 15
20180702 171920 21 4 68 20
20180702 171921 9 10 77 19
20180702 171922 15 4 75 22
20180702 171923 14 10 78 12
20180702 171924 16 6 87 14
20180702 171925 20 5 84 13
20180702 171926 16 7 83 17
20180702 171927 16 0 79 16
20180702 171928 20 6 70 9
20180702 171929 15 6 81 18
20180702 171930 23 3 80 16
20180702 171931 15 4 79 9
20180702 171932 16 9 86 3
20180702 171933 15 12 81 14
20180702 171934 16 10 79 14
20180702 171935 14 7 70 15
20180702 171936 19 6 84 9
20180702 171937 15 7 82 7
20180702 171938 12 2 75 10
20180702 171939 15 6 86 17
20180702 171940 18 3 81 14
20180702 171941 16 11 80 10
20180702 171942 23 12 81 17
20180702 171943 23 8 69 15
20180702 171944 18 4 79 16
20180702 171945 17 6 85 19
20180702 171946 17 10 82 12
20180702 171948 22 13 75 5
20180702 171949 13 0 82 8
20180702 171950 19 11 74 6
20180702 171951 25 7 70 11
20180702 171952 9 7 82 12
20180702 171953 18 4 83 10
20180702 171954 26 7 74 12
20180702 171955 21 1 82 8
20180702 171956 20 7 83 18
20180702 171957 17 6 81 14
20180702 171958 13 5 87 15
20180702 171959 19 7 73 14
20180702 172000 21 8 85 7
20180702 172001 14 2 86 11
20180702 172002 16 6 76 17
20180702 172003 14 -1 75 5
20180702 172004 15 9 79 13
20180702 172005 19 8 83 12
20180702 172006 23 5 72 11
20180702 172007 17 7 69 16
20180702 172008 15 2 76 12
20180702 172009 15 8 80 12
20180702 172010 17 1 77 11
20180702 172011 16 5 76 12
20180702 172012 20 6 69 16
20180702 172013 19 5 79 12
20180702 172014 17 12 81 20
20180702 172015 17 1 74 10
20180702 172016 17 4 84 8
20180702 172017 15 4 81 21
20180702 172018 20 7 87 19
20180702 172019 13 2 82 14
20180702 172020 22 8 88 22
20180702 172021 11 4 83 6
20180702 172022 20 9 72 12
20180702 172023 17 9 78 18
20180702 172024 20 5 67 12
20180702 172025 17 4 80 15
20180702 172027 23 6 92 14
20180702 172028 18 5 71 13
20180702 172029 11 2 79 11
20180702 172030 16 3 78 10
20180702 172031 20 6 89 10
20180702 172032 24 0 79 11
20180702 172033 25 11 68 8
20180702 172034 15 6 80 14
20180702 172035 24 7 78 16
20180702 172036 11 3 78 5
20180702 172037 23 1 75 11
20180702 172038 23 7 76 7
20180702 172039 27 10 82 14
20180702 172040 17 6 86 11
20180702 172041 23 4 88 10
20180702 172042 17 1 77 11
20180702 172043 17 6 90 7
20180702 172044 16 4 97 13
20180702 172045 11 4 82 12
20180702 172046 20 9 77 16
20180702 172047 16 3 81 15
20180702 172048 19 5 67 5
20180702 172049 11 8 81 15
20180702 172050 19 5 76 10
20180702 172051 15 11 71 10
20180702 172052 19 11 89 17
20180702 172053 17 5 75 13
20180702 172054 20 6 81 11
20180702 172055 12 10 92 14
20180702 172056 26 4 78 13
20180702 172057 10 9 83 12
20180702 172058 20 2 83 11
20180702 172059 16 8 69 10
20180702 172100 14 9 84 12
20180702 172101 16 7 89 14
20180702 172102 10 4 76 18
20180702 172103 21 4 83 17
20180702 172104 20 10 71 20
20180702 172105 18 8 81 10
20180702 172107 20 10 83 16
20180702 172108 22 6 79 9
20180702 172109 15 7 87 11
20180702 172110 15 6 89 13
20180702 172111 21 6 75 8
20180702 172112 22 6 85 6
20180702 172113 14 4 77 11
20180702 172114 22 5 75 14
20180702 172115 14 8 73 13
20180702 172116 22 4 83 10
20180702 172117 15 4 84 14
20180702 172118 12 7 73 12
20180702 172119 12 6 77 12
20180702 172120 21 5 72 18
20180702 172121 20 5 84 7
20180702 172122 14 3 86 17
20180702 172123 12 8 84 9
20180702 172124 15 8 77 14
20180702 172125 14 5 82 12
20180702 172126 17 9 75 18
20180702 172127 22 11 74 18
20180702 172128 14 8 75 14
20180702 172129 17 10 81 10
20180702 172130 15 5 73 11
20180702 172131 16 5 71 11
20180702 172132 15 4 82 13
20180702 172133 17 11 73 14
20180702 172134 23 4 84 14
20180702 172135 13 10 88 9
20180702 172136 17 7 82 11
20180702 172137 12 4 87 8
20180702 172138 12 9 80 8
20180702 172139 17 2 88 14
20180702 172140 18 8 74 13
20180702 172141 19 1 76 12
20180702 172142 20 6 77 5
20180702 172143 26 6 72 16
20180702 172144 15 5 77 14
20180702 172146 20 2 82 17
20180702 172147 19 4 86 8
20180702 172148 17 4 83 15
20180702 172149 14 3 77 12
20180702 172150 19 7 82 18
20180702 172151 24 2 90 12
20180702 172152 15 9 80 11
20180702 172153 16 4 72 8
20180702 172154 17 7 82 8
20180702 172155 14 9 78 11
20180702 172156 17 8 92 12
20180702 172157 14 7 81 9
20180702 172158 18 5 71 15
20180702 172159 21 10 80 14
20180702 172200 18 2 79 12
20180702 172201 27 5 69 10
20180702 172202 17 2 82 18
20180702 172203 17 4 74 13
20180702 172204 22 5 92 20
20180702 172205 25 2 71 13
20180702 172206 15 5 89 17
20180702 172207 15 2 84 21
20180702 172208 15 9 81 18
20180702 172209 12 1 70 9
20180702 172210 21 8 72 22
20180702 172211 23 6 77 12
20180702 172212 19 4 83 11
20180702 172213 16 6 83 12
20180702 172214 16 9 72 17
20180702 172215 24 -2 87 14
20180702 172216 14 2 83 11
20180702 172217 23 11 80 14
20180702 172218 18 10 86 21
20180702 172219 18 7 83 12
20180702 172220 20 8 79 15
20180702 172221 14 7 75 16
20180702 172222 20 5 80 12
20180702 172223 19 6 75 18
20180702 172225 17 6 87 13
20180702 172226 12 5 81 11
20180702 172227 15 5 72 8
20180702 172228 16 5 84 14
20180702 172229 17 3 71 21
20180702 172230 19 8 87 18
20180702 172231 15 8 88 9
20180702 172232 19 4 88 13
20180702 172233 16 6 83 13
20180702 172234 18 0 85 14
20180702 172235 10 5 83 7
20180702 172236 16 7 77 10
20180702 172237 22 8 92 13
20180702 172238 21 12 78 18
20180702 172239 20 4 77 8
20180702 172240 19 -1 90 14
20180702 172241 16 4 86 13
20180702 172242 23 7 69 16
20180702 172243 21 7 87 9
20180702 172244 18 3 83 14
20180702 172245 18 0 88 8
20180702 172246 14 4 88 17
20180702 172247 17 13 88 10
20180702 172248 23 9 78 12
20180702 172249 20 8 77 10
20180702 172250 14 8 69 13
20180702 172251 14 2 87 15
20180702 172252 14 3 92 15
20180702 172253 24 3 73 15
20180702 172254 15 10 72 12
20180702 172255 12 7 73 17
20180702 172256 18 4 87 21
20180702 172257 20 6 83 15
20180702 172258 17 4 69 12
20180702 172259 14 5 74 11
20180702 172300 17 6 88 14
20180702 172301 18 5 78 8
20180702 172302 18 11 74 7
20180702 172303 19 6 78 10
20180702 172305 26 6 79 23
20180702 172306 13 2 86 12
20180702 172307 16 8 78 18
20180702 172308 23 4 70 13
20180702 172309 17 3 78 12
20180702 172310 15 4 87 17
20180702 172311 17 3 71 8
20180702 172312 24 5 83 16
20180702 172313 20 6 82 17
20180702 172314 25 2 71 13
20180702 172315 19 2 79 14
20180702 172316 24 5 74 17
20180702 172317 23 9 81 18
20180702 172318 12 8 82 10
20180702 172319 21 5 81 18
20180702 172320 20 7 82 15
20180702 172321 18 5 73 11
20180702 172322 13 5 78 17
20180702 172323 22 0 79 15
20180702 172324 11 8 83 15
20180702 172325 19 5 94 15
20180702 172326 21 5 80 14
20180702 172327 10 7 69 13
20180702 172328 18 10 76 19
20180702 172329 15 7 71 5
20180702 172330 21 3 79 6
20180702 172331 21 7 83 10
20180702 172332 12 1 71 17
20180702 172333 22 11 79 6
20180702 172334 12 12 86 16
20180702 172335 21 7 82 9
20180702 172336 20 3 93 18
20180702 172337 14 5 78 14
20180702 172338 26 8 71 16
20180702 172339 21 11 82 12
20180702 172340 22 4 81 11
20180702 172341 20 3 82 13
20180702 172342 20 3 81 9
20180702 172344 14 0 75 9
20180702 172345 22 4 84 14
20180702 172346 20 9 82 9
20180702 172347 19 8 84 15
20180702 172348 15 3 74 11
20180702 172349 22 3 79 10
20180702 172350 26 6 74 15
20180702 172351 20 11 72 12
20180702 172352 14 0 74 11
20180702 172353 20 6 78 13
20180702 172354 18 4 84 11
20180702 172355 22 12 86 9
20180702 172356 20 12 89 13
20180702 172357 18 4 83 17
20180702 172358 21 8 89 11
20180702 172359 17 3 75 15
20180702 172400 15 5 93 14
20180702 172401 15 6 81 13
20180702 172402 17 6 89 9
20180702 172403 19 2 71 6
20180702 172404 18 4 81 8
20180702 172405 21 5 71 13
20180702 172406 16 2 75 17
20180702 172407 16 4 80 15
20180702 172408 15 4 89 15
20180702 172409 16 6 80 11
20180702 172410 25 2 75 13
20180702 172411 15 3 67 16
20180702 172412 24 4 87 14
20180702 172413 24 4 89 11
20180702 172414 25 6 70 11
20180702 172415 12 3 85 7
20180702 172416 16 4 93 11
20180702 172417 20 4 70 15
20180702 172418 18 3 79 13
20180702 172419 23 10 70 13
20180702 172420 21 -1 73 15
20180702 172421 21 3 79 20
20180702 172422 23 4 78 14
20180702 172424 19 7 68 16
20180702 172425 12 7 80 15
20180702 172426 18 7 70 5
20180702 172427 21 6 73 10
20180702 172428 22 4 85 9
20180702 172429 17 9 70 19
20180702 172430 22 2 88 15
20180702 172431 27 10 70 15
20180702 172432 21 7 67 17
20180702 172433 17 3 79 12
20180702 172434 17 9 81 9
20180702 172435 19 10 79 15
20180702 172436 17 2 78 8
20180702 172437 20 1 87 9
20180702 172438 20 4 76 17
20180702 172439 19 7 81 13
20180702 172440 19 7 74 18
20180702 172441 18 8 79 10
20180702 172442 17 13 79 14
20180702 172443 16 7 76 10
20180702 172444 19 -2 85 12
20180702 172445 17 5 79 9
20180702 172446 15 3 76 6
20180702 172447 22 6 84 14
20180702 172448 17 8 76 20
20180702 172449 16 10 82 10
20180702 172450 20 5 83 8
20180702 172451 17 7 79 9
20180702 172452 13 7 92 15
20180702 172453 15 3 82 14
20180702 172454 18 6 93 17
20180702 172455 19 6 86 9
20180702 172456 21 7 84 11
20180702 172457 19 8 76 9
20180702 172458 16 6 72 16
20180702 172459 18 6 78 11
20180702 172500 13 1 81 12
20180702 172501 19 4 79 11
20180702 172503 17 1 84 9
20180702 172504 17 8 73 16
20180702 172505 15 5 87 11
20180702 172506 15 3 93 10
20180702 172507 19 6 86 9
20180702 172508 17 2 79 17
20180702 172509 19 11 96 21
20180702 172510 21 3 89 10
20180702 172511 20 11 85 14
20180702 172512 21 1 73 5
20180702 172513 10 5 74 11
20180702 172514 22 4 90 12
20180702 172515 16 -2 86 16
20180702 172516 21 8 75 9
20180702 172517 19 3 82 13
20180702 172518 21 4 78 7
20180702 172519 21 7 74 19
20180702 172520 22 2 76 13
20180702 172521 16 12 68 16
20180702 172522 17 5 77 11
20180702 172523 12 5 94 9
20180702 172524 13 8 70 15
20180702 172525 18 9 83 13
20180702 172526 21 2 75 10
20180702 172527 17 13 78 14
20180702 172528 24 7 70 17
20180702 172529 18 4 84 7
20180702 172530 18 2 72 13
20180702 172531 18 5 78 12
20180702 172532 18 9 73 12
20180702 172533 20 7 77 9
20180702 172534 15 1 79 9
20180702 172535 15 1 69 14
20180702 172536 16 3 76 13
20180702 172537 20 3 71 22
20180702 172538 18 10 73 10
20180702 172539 16 11 80 11
20180702 172540 16 6 86 11
20180702 172542 17 8 75 12
20180702 172543 18 0 79 18
20180702 172544 13 2 79 11
20180702 172545 16 9 79 19
20180702 172546 24 0 75 13
20180702 172547 18 3 77 9
20180702 172548 24 5 91 13
20180702 172549 28 10 69 11
20180702 172550 17 2 85 10
20180702 172551 16 4 82 11
20180702 172552 13 13 76 13
20180702 172553 17 2 90 9
20180702 172554 23 5 77 13
20180702 172555 17 5 75 18
20180702 172556 12 6 84 14
20180702 172557 17 1 77 14
20180702 172558 14 6 72 5
20180702 172559 12 2 88 14
20180702 172600 19 5 69 8
20180702 172601 17 8 77 13
20180702 172602 11 3 91 6
20180702 172603 19 2 79 5
20180702 172604 17 9 82 20
20180702 172605 22 10 85 18
20180702 172606 17 8 90 12
20180702 172607 18 -1 79 10
20180702 172608 21 9 81 7
20180702 172609 13 5 91 12
20180702 172610 14 5 68 7
20180702 172611 14 7 88 11
20180702 172612 24 10 79 14
20180702 172613 20 4 87 9
20180702 172614 17 3 83 20
20180702 172615 20 8 71 8
20180702 172616 14 5 78 6
20180702 172617 21 2 72 9
20180702 172618 20 6 80 15
20180702 172619 21 9 67 13
20180702 172620 24 11 83 8
20180702 172622 16 3 81 13
20180702 172623 22 11 72 8
20180702 172624 16 5 77 16
20180702 172625 22 10 88 17
20180702 172626 15 8 80 9
20180702 172627 20 4 77 6
20180702 172628 14 4 86 11
20180702 172629 15 3 80 9
20180702 172630 13 12 90 9
20180702 172631 17 6 77 13
20180702 172632 21 2 81 12
20180702 172633 23 7 80 8
20180702 172634 21 6 74 11
20180702 172635 20 4 74 16
20180702 172636 20 8 83 6
20180702 172637 18 6 86 14
20180702 172638 12 4 85 6
20180702 172639 21 2 74 18
20180702 172640 9 5 76 8
20180702 172641 22 0 87 5
20180702 172642 14 10 71 11
20180702 172643 23 5 74 12
20180702 172644 20 4 71 9
20180702 172645 18 9 79 11
20180702 172646 16 8 80 9
20180702 172647 15 6 72 5
20180702 172648 14 8 76 8
20180702 172649 14 9 82 9
20180702 172650 22 7 82 9
20180702 172651 17 9 88 11
20180702 172652 18 10 77 6
20180702 172653 13 6 81 11
20180702 172654 18 -3 90 19
20180702 172655 27 7 82 5
20180702 172656 14 2 74 9
20180702 172657 18 5 87 14
20180702 172658 19 5 76 12
20180702 172659 24 10 73 11
20180702 172701 16 7 81 12
20180702 172702 18 10 80 6
20180702 172703 18 5 80 10
20180702 172704 15 11 78 15
20180702 172705 19 6 80 9
20180702 172706 14 3 68 14
20180702 172707 22 3 74 11
20180702 172708 24 12 87 16
20180702 172709 22 1 87 15
20180702 172710 24 11 74 10
20180702 172711 18 11 88 17
20180702 172712 21 2 84 4
20180702 172713 17 4 82 18
20180702 172714 15 4 87 10
20180702 172715 19 9 89 7
20180702 172716 18 12 72 9
20180702 172717 24 3 82 16
20180702 172718 15 9 88 10
20180702 172719 14 7 72 13
20180702 172720 18 4 88 8
20180702 172721 20 9 81 17
20180702 172722 22 3 76 9
20180702 172723 25 5 79 8
20180702 172724 16 5 74 11
20180702 172725 10 12 70 12
20180702 172726 16 5 87 12
20180702 172727 19 6 76 9
20180702 172728 20 6 74 13
20180702 172729 11 6 88 9
20180702 172730 28 8 72 17
20180702 172731 17 8 70 18
20180702 172732 15 4 81 12
20180702 172733 18 12 77 15
20180702 172734 28 4 78 11
20180702 172735 12 1 84 14
20180702 172736 18 5 81 14
20180702 172737 19 9 78 7
20180702 172738 23 11 75 15
20180702 172739 24 6 71 11
20180702 172741 16 -1 77 11
20180702 172742 12 10 77 16
20180702 172743 14 7 80 14
20180702 172744 15 10 85 20
20180702 172745 21 0 82 11
20180702 172746 22 5 89 10
20180702 172747 18 7 77 12
20180702 172748 20 5 91 12
20180702 172749 21 0 66 10
20180702 172750 15 3 70 11
20180702 172751 16 10 72 6
20180702 172752 21 2 70 9
20180702 172753 14 4 79 12
20180702 172754 14 3 79 7
20180702 172755 26 3 82 11
20180702 172756 19 2 90 12
20180702 172757 14 11 83 14
20180702 172758 9 6 79 13
20180702 172759 21 6 79 13
20180702 172800 16 1 87 11
20180702 172801 12 4 72 9
20180702 172802 15 10 70 15
20180702 172803 15 10 84 11
20180702 172804 21 4 87 15
20180702 172805 15 8 92 12
20180702 172806 17 9 91 14
20180702 172807 22 3 85 13
20180702 172808 24 5 78 13
20180702 172809 22 8 77 7
20180702 172810 16 3 81 11
20180702 172811 17 6 85 14
20180702 172812 16 11 78 20
20180702 172813 17 12 85 17
20180702 172814 20 7 74 15
20180702 172815 19 11 84 13
20180702 172816 18 10 79 12
20180702 172817 20 5 78 5
20180702 172818 20 2 75 16
20180702 172820 19 1 77 12
20180702 172821 13 5 77 5
20180702 172822 13 11 67 14
20180702 172823 21 1 80 13
20180702 172824 25 10 78 10
20180702 172825 16 3 71 6
20180702 172826 14 11 85 14
20180702 172827 19 9 74 11
20180702 172828 15 6 84 7
20180702 172829 22 6 82 13
20180702 172830 19 5 81 3
20180702 172831 21 7 81 11
20180702 172832 23 9 87 6
20180702 172833 18 6 77 13
20180702 172834 19 7 80 16
20180702 172835 19 3 76 17
20180702 172836 24 5 76 6
20180702 172837 18 6 78 10
20180702 172838 14 6 87 10
20180702 172839 16 8 93 18
20180702 172840 16 7 81 17
20180702 172841 23 10 74 16
20180702 172842 17 7 83 14
20180702 172843 25 9 86 10
20180702 172844 22 4 68 16
20180702 172845 16 5 81 13
20180702 172846 12 3 90 8
20180702 172847 20 7 76 14
20180702 172848 23 6 87 17
20180702 172849 16 5 87 12
20180702 172850 15 7 86 10
20180702 172851 17 2 92 16
20180702 172852 13 3 84 14
20180702 172853 17 10 85 11
20180702 172854 23 6 89 10
20180702 172855 22 4 78 10
20180702 172856 21 5 73 20
20180702 172857 21 0 82 14
20180702 172859 21 10 76 8
20180702 172900 19 3 87 14
20180702 172901 18 6 87 15
20180702 172902 18 4 76 8
20180702 172903 21 8 73 9
20180702 172904 17 10 80 13
20180702 172905 13 8 81 16
20180702 172906 11 8 75 14
20180702 172907 17 7 77 14
20180702 172908 14 1 86 13
20180702 172909 19 3 83 12
20180702 172910 18 5 84 11
20180702 172911 14 6 73 10
20180702 172912 20 12 89 14
20180702 172913 20 6 83 9
20180702 172914 16 10 73 15
20180702 172915 20 7 90 15
20180702 172916 20 6 76 12
20180702 172917 22 3 89 18
20180702 172918 24 7 72 16
20180702 172919 20 0 78 17
20180702 172920 18 6 81 9
20180702 172921 24 7 81 17
20180702 172922 15 11 85 8
20180702 172923 17 6 72 17
20180702 172924 20 7 75 10
20180702 172925 22 8 77 14
20180702 172926 17 4 68 15
20180702 172927 17 9 70 18
20180702 172928 23 0 80 5
20180702 172929 12 10 95 17
20180702 172930 17 3 82 9
20180702 172931 21 4 80 17
20180702 172932 14 6 77 17
20180702 172933 18 -1 73 9
20180702 172934 15 -1 72 9
20180702 172935 16 6 89 9
20180702 172936 13 4 82 13
20180702 172937 23 7 84 9
20180702 172939 16 2 82 8
20180702 172940 19 5 75 12
20180702 172941 10 5 83 13
20180702 172942 27 5 73 9
20180702 172943 20 5 73 10
20180702 172944 16 8 88 13
20180702 172945 19 2 68 13
20180702 172946 13 -2 78 10
20180702 172947 11 5 85 9
20180702 172948 19 8 70 13
20180702 172949 16 6 73 10
20180702 172950 20 8 80 10
20180702 172951 21 5 87 10
20180702 172952 15 6 77 9
20180702 172953 20 5 93 9
20180702 172954 18 3 82 7
20180702 172955 18 12 82 13
20180702 172956 12 3 70 17
20180702 172957 17 6 71 18
20180702 172958 19 5 76 11
20180702 172959 14 2 79 15
20180702 173000 13 12 83 11
20180702 173001 17 12 70 10
20180702 173002 15 9 75 14
20180702 173003 19 8 90 3
20180702 173004 19 4 84 17
20180702 173005 18 6 79 11
20180702 173006 17 3 84 12
20180702 173007 21 5 83 10
20180702 173008 14 9 81 17
20180702 173009 26 9 69 13
20180702 173010 16 6 82 9
20180702 173011 25 0 76 11
20180702 173012 19 3 82 7
20180702 173013 17 6 73 15
20180702 173014 16 4 79 11
20180702 173015 15 8 77 10
20180702 173016 19 3 84 13
20180702 173018 18 3 80 10
20180702 173019 15 7 75 12
20180702 173020 14 3 74 16
20180702 173021 17 3 90 14
20180702 173022 16 6 74 13
20180702 173023 20 5 76 6
20180702 173024 13 1 80 13
20180702 173025 22 2 76 10
20180702 173026 12 6 78 12
20180702 173027 21 8 72 9
20180702 173028 13 8 83 19
20180702 173029 25 4 79 18
20180702 173030 14 2 73 6
20180702 173031 14 -1 79 10
20180702 173032 20 5 73 16
20180702 173033 13 5 73 9
20180702 173034 20 5 84 12
20180702 173035 20 5 77 14
20180702 173036 16 4 75 14
20180702 173037 16 -1 79 13
20180702 173038 21 3 68 16
20180702 173039 16 6 78 14
20180702 173040 16 5 78 11
20180702 173041 19 6 72 10
20180702 173042 22 5 79 9
20180702 173043 11 6 76 12
20180702 173044 19 3 83 7
20180702 173045 21 7 67 12
20180702 173046 12 0 78 14
20180702 173047 23 2 75 14
20180702 173048 19 3 79 11
20180702 173049 20 5 73 14
20180702 173050 17 7 84 6
20180702 173051 20 10 74 14
20180702 173052 24 6 78 12
20180702 173053 19 6 83 17
20180702 173054 20 6 73 12
20180702 173055 16 4 84 15
20180702 173056 16 3 94 7
20180702 173058 16 10 83 9
20180702 173059 23 8 80 9
20180702 173100 19 4 81 10
20180702 173101 17 6 88 11
20180702 173102 17 10 83 14
20180702 173103 18 5 80 12
20180702 173104 20 7 75 14
20180702 173105 15 9 80 16
20180702 173106 16 3 67 15
20180702 173107 17 7 90 7
20180702 173108 13 5 91 9
20180702 173109 15 4 91 10
20180702 173110 20 4 69 7
20180702 173111 16 6 77 9
20180702 173112 15 2 80 18
20180702 173113 24 7 93 14
20180702 173114 16 6 83 17
20180702 173115 16 7 80 11
20180702 173116 13 4 79 6
20180702 173117 19 3 83 15
20180702 173118 20 8 83 17
20180702 173119 17 4 76 21
20180702 173120 18 7 83 12
20180702 173121 18 6 88 6
20180702 173122 19 6 71 12
20180702 173123 19 5 72 14
20180702 173124 20 -1 71 8
20180702 173125 22 10 88 10
20180702 173126 22 2 70 12
20180702 173127 17 6 78 15
20180702 173128 19 6 79 12
20180702 173129 14 9 88 13
20180702 173130 21 5 78 10
20180702 173131 15 8 69 4
20180702 173132 11 5 75 15
20180702 173133 20 4 74 12
20180702 173134 24 9 77 13
20180702 173135 18 12 89 12
20180702 173137 16 9 71 16
20180702 173138 18 3 95 10
20180702 173139 11 10 77 12
20180702 173140 17 5 77 11
20180702 173141 23 8 77 11
20180702 173142 19 5 70 13
20180702 173143 14 5 88 18
20180702 173144 12 3 76 12
20180702 173145 14 12 74 11
20180702 173146 24 0 86 16
20180702 173147 12 10 85 13
20180702 173148 11 8 83 18
20180702 173149 20 10 87 11
20180702 173150 19 4 91 17
20180702 173151 17 6 79 18
20180702 173152 15 6 71 11
20180702 173153 17 4 86 10
20180702 173154 22 7 80 15
20180702 173155 14 6 85 9
20180702 173156 17 4 91 8
20180702 173157 19 10 89 14
20180702 173158 15 6 74 11
20180702 173159 13 3 80 16
20180702 173200 21 4 93 9
20180702 173201 16 8 85 16
20180702 173202 16 11 86 15
20180702 173203 25 6 90 17
20180702 173204 12 4 84 12
20180702 173205 13 1 81 15
20180702 173206 18 7 87 15
20180702 173207 23 7 82 13
20180702 173208 15 3 73 14
20180702 173209 14 10 82 11
20180702 173210 14 0 73 15
20180702 173211 19 5 73 13
20180702 173212 17 1 76 15
20180702 173213 20 3 70 12
20180702 173214 18 6 91 12
20180702 173216 19 8 78 19
20180702 173217 18 8 75 14
20180702 173218 16 6 73 18
20180702 173219 12 5 75 11
20180702 173220 26 5 91 10
20180702 173221 13 2 84 10
20180702 173222 13 2 72 18
20180702 173223 26 8 76 8
20180702 173224 16 5 84 14
20180702 173225 12 4 75 18
20180702 173226 28 5 85 14
20180702 173227 15 1 80 14
20180702 173228 22 7 84 13
20180702 173229 21 3 70 14
20180702 173230 18 11 76 10
20180702 173231 17 3 86 12
20180702 173232 10 3 86 12
20180702 173233 15 8 77 17
20180702 173234 24 7 73 20
20180702 173235 14 0 83 17
20180702 173236 17 3 83 17
20180702 173237 15 8 79 8
20180702 173238 15 5 80 10
20180702 173239 16 5 81 15
20180702 173240 21 6 76 12
20180702 173241 20 5 79 15
20180702 173242 16 1 83 13
20180702 173243 18 2 75 20
20180702 173244 20 2 76 11
20180702 173245 14 8 84 13
20180702 173246 21 6 77 14
20180702 173247 18 4 73 11
20180702 173248 15 3 87 12
20180702 173249 25 10 70 10
20180702 173250 19 5 69 13
20180702 173251 19 6 73 10
20180702 173252 17 8 82 15
20180702 173253 9 7 79 17
20180702 173254 13 8 82 9
20180702 173256 16 5 68 10
20180702 173257 20 8 75 16
20180702 173258 18 4 78 12
20180702 173259 18 5 79 12
20180702 173300 16 9 91 14
20180702 173301 18 7 72 15
20180702 173302 22 10 78 8
20180702 173303 17 7 82 13
20180702 173304 15 9 75 16
20180702 173305 22 8 75 16
20180702 173306 23 7 84 15
20180702 173307 10 4 75 10
20180702 173308 16 3 77 15
20180702 173309 16 7 74 13
20180702 173310 20 3 80 13
20180702 173311 22 6 69 10
20180702 173312 15 5 86 13
20180702 173313 15 3 83 12
20180702 173314 22 9 79 12
20180702 173315 19 7 72 14
20180702 173316 16 3 90 9
20180702 173317 17 8 78 9
20180702 173318 17 10 83 15
20180702 173319 17 4 84 10
20180702 173320 18 2 84 15
20180702 173321 15 6 67 16
20180702 173322 21 10 83 11
20180702 173323 22 7 86 20
20180702 173324 16 1 85 13
20180702 173325 21 5 77 9
20180702 173326 17 3 87 17
20180702 173327 20 5 68 8
20180702 173328 20 4 82 15
20180702 173329 17 4 86 6
20180702 173330 15 0 78 20
20180702 173331 20 6 72 17
20180702 173332 21 9 90 12
20180702 173333 13 12 94 17
20180702 173335 17 5 76 12
20180702 173336 18 5 81 12
20180702 173337 18 3 81 11
20180702 173338 18 2 85 11
20180702 173339 21 7 78 11
20180702 173340 19 9 84 8
20180702 173341 22 4 75 12
20180702 173342 19 6 87 20
20180702 173343 13 5 73 12
20180702 173344 14 4 77 18
20180702 173345 18 1 79 13
20180702 173346 18 8 78 8
20180702 173347 14 6 81 15
20180702 173348 11 12 81 11
20180702 173349 20 6 66 14
20180702 173350 15 7 78 12
20180702 173351 15 3 87 11
20180702 173352 13 11 82 7
20180702 173353 22 6 86 10
20180702 173354 22 6 76 19
20180702 173355 18 9 80 16
20180702 173356 20 7 78 13
20180702 173357 21 2 75 16
20180702 173358 26 6 74 12
20180702 173359 21 3 80 17
20180702 173400 16 0 81 10
20180702 173401 23 3 72 18
20180702 173402 15 9 91 14
20180702 173403 24 8 84 16
20180702 173404 18 2 83 7
20180702 173405 20 3 82 12
20180702 173406 19 1 75 13
20180702 173407 15 5 81 6
20180702 173408 14 8 76 19
20180702 173409 23 8 77 16
20180702 173410 15 9 75 12
20180702 173411 16 1 86 12
20180702 173412 15 2 82 15
20180702 173413 21 5 84 16
20180702 173415 22 3 88 16
20180702 173416 20 7 78 9
20180702 173417 16 8 84 11
20180702 173418 22 5 90 15
20180702 173419 15 5 86 17
20180702 173420 12 -2 76 19
20180702 173421 18 6 75 13
20180702 173422 20 7 84 13
20180702 173423 12 9 72 9
20180702 173424 20 5 84 18
20180702 173425 15 5 88 2
20180702 173426 21 5 80 14
20180702 173427 21 6 77 13
20180702 173428 19 7 66 21
20180702 173429 21 10 91 13
20180702 173430 18 7 74 12
20180702 173431 24 1 79 16
20180702 173432 9 4 92 15
20180702 173433 13 5 74 9
20180702 173434 18 3 86 15
20180702 173435 20 3 82 14
20180702 173436 22 7 72 13
20180702 173437 16 1 79 15
20180702 173438 16 5 79 7
20180702 173439 23 2 78 10
20180702 173440 22 5 67 15
20180702 173441 20 10 68 17
20180702 173442 16 8 74 11
20180702 173443 14 4 79 13
20180702 173444 13 3 85 13
20180702 173445 15 8 85 8
20180702 173446 16 0 89 13
20180702 173447 17 5 73 14
20180702 173448 21 9 94 13
20180702 173449 23 3 79 11
20180702 173450 18 9 87 11
20180702 173451 15 6 90 13
20180702 173452 15 9 78 9
20180702 173454 18 8 76 16
20180702 173455 26 5 81 16
20180702 173456 14 7 85 16
20180702 173457 13 8 71 16
20180702 173458 14 7 82 17
20180702 173459 15 2 84 18
20180702 173500 20 9 76 22
20180702 173501 18 7 82 11
20180702 173502 15 7 84 19
20180702 173503 23 8 78 15
20180702 173504 22 12 77 16
20180702 173505 12 3 74 16
20180702 173506 17 6 84 16
20180702 173507 25 1 84 16
20180702 173508 28 0 75 18
20180702 173509 19 6 91 11
20180702 173510 17 6 76 13
20180702 173511 24 3 81 17
20180702 173512 13 6 81 4
20180702 173513 15 12 81 9
20180702 173514 22 9 78 15
20180702 173515 14 6 82 8
20180702 173516 16 6 76 12
20180702 173517 21 10 82 12
20180702 173518 20 6 81 12
20180702 173519 19 3 77 14
20180702 173520 20 6 85 14
20180702 173521 20 4 90 13
20180702 173522 20 6 85 8
20180702 173523 14 3 84 16
20180702 173524 16 5 85 18
20180702 173525 20 4 91 10
20180702 173526 23 5 75 12
20180702 173527 18 9 70 7
20180702 173528 16 5 80 6
20180702 173529 23 3 82 10
20180702 173530 24 7 70 14
20180702 173531 25 9 72 15
20180702 173532 18 7 76 14
20180702 173534 19 -1 70 18
20180702 173535 22 7 70 8
20180702 173536 19 7 75 11
20180702 173537 14 8 83 20
20180702 173538 16 6 80 11
20180702 173539 23 7 73 16
20180702 173540 18 5 86 17
20180702 173541 14 6 71 14
20180702 173542 25 2 79 15
20180702 173543 18 2 77 14
20180702 173544 22 8 72 11
20180702 173545 14 2 81 12
20180702 173546 20 13 78 10
20180702 173547 25 6 84 14
20180702 173548 20 8 71 14
20180702 173549 15 2 86 11
20180702 173550 15 5 76 21
20180702 173551 23 6 85 15
20180702 173552 19 3 77 7
20180702 173553 15 8 89 12
20180702 173554 21 9 74 10
20180702 173555 18 3 94 14
20180702 173556 14 4 85 15
20180702 173557 22 2 83 11
20180702 173558 18 8 66 11
20180702 173559 20 3 81 21
20180702 173600 16 6 70 12
20180702 173601 19 4 75 10
20180702 173602 13 2 84 11
20180702 173603 20 8 73 6
20180702 173604 20 11 77 6
20180702 173605 17 11 77 12
20180702 173606 17 4 91 14
20180702 173607 18 6 75 16
20180702 173608 27 1 73 15
20180702 173609 15 8 78 12
20180702 173610 25 4 95 17
20180702 173611 21 6 79 17
20180702 173613 16 9 75 11
20180702 173614 14 4 75 4
20180702 173615 17 0 71 17
20180702 173616 19 7 77 5
20180702 173617 21 6 72 18
20180702 173618 17 7 82 9
20180702 173619 19 8 68 19
20180702 173620 21 4 82 10
20180702 173621 16 9 74 10
20180702 173622 15 7 85 10
20180702 173623 19 10 77 11
20180702 173624 17 2 88 15
20180702 173625 25 4 86 13
20180702 173626 12 3 87 10
20180702 173627 16 9 71 11
20180702 173628 20 8 80 12
20180702 173629 18 12 72 19
20180702 173630 17 3 79 14
20180702 173631 26 4 91 15
20180702 173632 22 8 91 11
20180702 173633 15 4 77 15
20180702 173634 13 3 85 16
20180702 173635 17 9 81 11
20180702 173636 12 1 72 9
20180702 173637 17 7 84 11
20180702 173638 24 5 80 15
20180702 173639 23 9 82 17
20180702 173640 18 6 91 18
20180702 173641 19 8 78 14
20180702 173642 18 6 78 14
20180702 173643 17 2 84 15
20180702 173644 21 9 94 10
20180702 173645 12 6 83 12
20180702 173646 19 4 77 11
20180702 173647 17 7 83 9
20180702 173648 14 3 79 14
20180702 173649 12 9 81 13
20180702 173650 24 3 86 17
20180702 173652 18 11 85 10
20180702 173653 15 5 78 10
20180702 173654 18 10 84 14
20180702 173655 13 8 82 4
20180702 173656 21 6 90 11
20180702 173657 12 3 79 11
20180702 173658 17 2 89 15
20180702 173659 22 8 69 14
20180702 173700 19 8 77 10
20180702 173701 21 6 86 13
20180702 173702 19 2 97 11
20180702 173703 15 4 74 9
20180702 173704 27 5 77 20
20180702 173705 23 3 68 14
20180702 173706 16 4 79 14
20180702 173707 24 3 82 16
20180702 173708 12 2 77 18
20180702 173709 20 3 89 18
20180702 173710 21 5 76 11
20180702 173711 23 5 79 9
20180702 173712 18 12 92 12
20180702 173713 12 3 76 13
20180702 173714 19 7 78 11
20180702 173715 26 8 78 9
20180702 173716 16 9 84 5
20180702 173717 18 5 75 16
20180702 173718 20 4 74 13
20180702 173719 20 6 92 11
20180702 173720 20 2 77 9
20180702 173721 16 1 87 13
20180702 173722 16 2 84 10
20180702 173723 20 8 77 6
20180702 173724 21 3 94 15
20180702 173725 15 2 80 9
20180702 173726 19 11 80 7
20180702 173727 15 5 80 9
20180702 173728 27 6 78 11
20180702 173729 17 6 70 9
20180702 173730 22 10 81 7
20180702 173732 15 -1 70 9
20180702 173733 13 4 72 7
20180702 173734 14 3 79 11
20180702 173735 21 2 76 19
20180702 173736 27 6 90 15
20180702 173737 14 7 83 7
20180702 173738 17 6 82 11
20180702 173739 15 9 82 11
20180702 173740 21 4 73 9
20180702 173741 19 7 74 13
20180702 173742 18 2 86 11
20180702 173743 20 7 78 11
20180702 173744 18 5 86 17
20180702 173745 20 3 85 12
20180702 173746 22 4 83 5
20180702 173747 20 8 84 16
20180702 173748 14 12 74 14
20180702 173749 23 6 87 21
20180702 173750 22 0 82 9
20180702 173751 20 6 78 15
20180702 173752 12 5 83 15
20180702 173753 20 3 69 8
20180702 173754 17 4 88 17
20180702 173755 21 3 72 13
20180702 173756 21 8 73 10
20180702 173757 17 6 80 8
20180702 173758 14 -1 75 10
20180702 173759 25 6 77 14
20180702 173800 13 4 95 13
20180702 173801 14 9 76 7
20180702 173802 20 7 81 17
20180702 173803 15 5 83 17
20180702 173804 19 5 78 13
20180702 173805 17 4 73 13
20180702 173806 19 5 77 14
20180702 173807 21 4 78 11
20180702 173808 19 6 76 13
20180702 173809 22 5 84 15
20180702 173811 22 9 81 16
20180702 173812 23 4 88 9
20180702 173813 18 6 96 18
20180702 173814 16 5 81 11
20180702 173815 26 3 88 16
20180702 173816 18 3 74 14
20180702 173817 21 4 81 18
20180702 173818 20 7 79 11
20180702 173819 22 8 83 8
20180702 173820 19 9 95 11
20180702 173821 20 11 80 15
20180702 173822 25 6 81 14
20180702 173823 22 9 81 12
20180702 173824 16 9 73 7
20180702 173825 17 11 75 15
20180702 173826 18 3 88 17
20180702 173827 12 9 71 11
20180702 173828 20 2 76 5
20180702 173829 21 9 76 13
20180702 173830 17 7 91 13
20180702 173831 22 10 77 9
20180702 173832 17 2 76 12
20180702 173833 15 6 81 13
20180702 173834 22 4 78 9
20180702 173835 22 6 87 14
20180702 173836 16 9 76 6
20180702 173837 21 8 78 15
20180702 173838 15 6 75 16
20180702 173839 15 6 79 15
20180702 173840 17 8 84 10
20180702 173841 17 9 81 16
20180702 173842 22 13 73 11
20180702 173843 17 6 75 10
20180702 173844 19 3 79 6
20180702 173845 27 1 85 16
20180702 173846 16 3 76 15
20180702 173847 12 1 78 16
20180702 173848 17 8 71 9
20180702 173849 17 7 89 13
20180702 173851 18 2 82 19
20180702 173852 17 10 89 15
20180702 173853 14 5 77 9
20180702 173854 19 5 85 10
20180702 173855 15 10 81 10
20180702 173856 17 2 77 5
20180702 173857 22 4 77 11
20180702 173858 18 3 71 14
20180702 173859 13 2 83 13
20180702 173900 20 -2 81 17
20180702 173901 15 7 85 10
20180702 173902 13 7 75 15
20180702 173903 18 11 84 8
20180702 173904 14 12 84 14
20180702 173905 21 1 77 12
20180702 173906 21 5 84 11
20180702 173907 18 5 87 8
20180702 173908 20 3 73 13
20180702 173909 15 5 74 11
20180702 173910 11 5 80 12
20180702 173911 18 7 88 11
20180702 173912 22 3 76 15
20180702 173913 19 10 78 11
20180702 173914 18 8 76 10
20180702 173915 15 2 74 7
20180702 173916 16 5 69 15
20180702 173917 15 10 89 3
20180702 173918 17 3 81 15
20180702 173919 25 3 87 15
20180702 173920 14 5 77 8
20180702 173921 20 10 74 13
20180702 173922 14 6 71 17
20180702 173923 21 6 88 11
20180702 173924 19 11 75 12
20180702 173925 17 4 95 14
20180702 173926 19 7 75 8
20180702 173927 16 4 84 9
20180702 173928 10 11 75 10
20180702 173930 19 3 74 9
20180702 173931 14 3 82 15
20180702 173932 14 1 67 13
20180702 173933 19 8 78 6
20180702 173934 19 10 79 9
20180702 173935 20 8 80 15
20180702 173936 16 6 69 17
20180702 173937 22 2 80 6
20180702 173938 17 8 82 16
20180702 173939 25 7 76 13
20180702 173940 20 10 80 13
20180702 173941 17 5 90 13
20180702 173942 19 2 84 13
20180702 173943 23 5 80 12
20180702 173944 21 5 75 10
20180702 173945 15 9 82 8
20180702 173946 16 5 78 10
20180702 173947 16 11 74 12
20180702 173948 18 6 90 13
20180702 173949 17 5 95 21
20180702 173950 12 4 87 8
20180702 173951 24 1 74 11
20180702 173952 17 6 74 21
20180702 173953 17 4 87 8
20180702 173954 22 6 69 16
20180702 173955 18 7 88 14
20180702 173956 13 6 80 10
20180702 173957 15 9 90 19
20180702 173958 15 5 76 14
20180702 173959 22 6 83 15
20180702 174000 19 6 74 12
20180702 174001 20 5 84 15
20180702 174002 23 4 73 13
20180702 174003 13 6 81 15
20180702 174004 20 7 81 12
20180702 174005 18 3 80 8
20180702 174006 13 6 74 11
20180702 174007 17 10 74 11
20180702 174009 16 4 80 16
20180702 174010 22 8 78 17
20180702 174011 12 3 72 13
20180702 174012 22 3 79 19
20180702 174013 27 6 74 11
20180702 174014 25 4 78 8
20180702 174015 21 5 70 16
20180702 174016 20 4 73 19
20180702 174017 14 6 74 17
20180702 174018 22 3 93 6
20180702 174019 25 9 82 17
20180702 174020 14 5 79 7
20180702 174021 15 8 74 14
20180702 174022 17 6 77 22
20180702 174023 13 12 80 12
20180702 174024 16 2 80 14
20180702 174025 19 6 71 12
20180702 174026 21 3 81 12
20180702 174027 16 6 80 13
20180702 174028 19 7 73 14
20180702 174029 18 0 77 8
20180702 174030 24 9 70 13
20180702 174031 15 7 76 16
20180702 174032 21 11 75 14
20180702 174033 19 6 85 21
20180702 174034 15 8 69 17
20180702 174035 24 8 84 14
20180702 174036 21 1 88 10
20180702 174037 16 12 89 13
20180702 174038 14 7 77 19
20180702 174039 27 6 78 8
20180702 174040 18 6 81 15
20180702 174041 9 6 72 13
20180702 174042 14 6 71 15
20180702 174043 20 10 88 14
20180702 174044 19 6 77 15
20180702 174045 17 4 80 14
20180702 174046 17 10 70 14
20180702 174047 20 4 73 10
20180702 174049 20 10 78 13
20180702 174050 17 10 77 9
20180702 174051 15 6 85 9
20180702 174052 17 4 77 14
20180702 174053 13 10 79 7
20180702 174054 15 11 82 9
20180702 174055 18 3 90 11
20180702 174056 19 1 84 10
20180702 174057 17 5 73 11
20180702 174058 16 11 79 21
20180702 174059 16 9 77 14
20180702 174100 20 3 80 12
20180702 174101 14 7 87 16
20180702 174102 16 4 76 16
20180702 174103 12 7 81 7
20180702 174104 14 7 81 8
20180702 174105 17 2 69 10
20180702 174106 18 10 71 13
20180702 174107 19 1 73 12
20180702 174108 16 4 73 7
20180702 174109 14 4 76 11
20180702 174110 21 5 80 13
20180702 174111 16 2 85 10
20180702 174112 17 11 82 10
20180702 174113 18 10 85 8
20180702 174114 16 3 73 12
20180702 174115 19 2 89 14
20180702 174116 17 11 88 12
20180702 174117 20 3 83 8
20180702 174118 11 6 83 19
20180702 174119 27 2 69 7
20180702 174120 14 5 79 13
20180702 174121 22 9 83 10
20180702 174122 22 5 73 16
20180702 174123 15 7 77 13
20180702 174124 18 4 90 9
20180702 174125 20 8 87 11
20180702 174126 23 7 76 12
20180702 174128 22 4 75 8
20180702 174129 14 5 80 13
20180702 174130 12 9 72 11
20180702 174131 21 4 77 12
20180702 174132 16 8 68 9
20180702 174133 11 4 81 13
20180702 174134 18 6 80 11
20180702 174135 12 6 78 14
20180702 174136 18 8 78 15
20180702 174137 15 7 78 15
20180702 174138 21 4 84 17
20180702 174139 23 6 74 10
20180702 174140 20 8 82 9
20180702 174141 15 5 82 16
20180702 174142 14 9 92 18
20180702 174143 18 4 88 13
20180702 174144 16 5 80 8
20180702 174145 12 10 76 8
20180702 174146 13 0 85 8
20180702 174147 21 8 69 13
20180702 174148 22 10 76 12
20180702 174149 17 8 67 15
20180702 174150 16 11 77 13
20180702 174151 24 4 82 16
20180702 174152 12 4 76 8
20180702 174153 21 5 76 21
20180702 174154 18 10 91 16
20180702 174155 20 6 78 15
20180702 174156 15 2 74 8
20180702 174157 16 5 76 18
20180702 174158 20 9 84 8
20180702 174159 26 3 94 18
20180702 174200 22 6 75 8
20180702 174201 17 9 79 12
20180702 174202 19 6 83 10
20180702 174203 20 3 81 11
20180702 174204 20 5 84 11
20180702 174205 19 7 84 15
20180702 174206 16 8 77 18
20180702 174208 23 12 74 16
20180702 174209 19 9 88 20
20180702 174210 23 7 81 17
20180702 174211 17 9 93 12
20180702 174212 18 5 72 15
20180702 174213 16 5 78 16
20180702 174214 24 2 70 6
20180702 174215 24 7 70 11
20180702 174216 15 0 75 15
20180702 174217 15 2 79 10
20180702 174218 21 7 71 18
20180702 174219 12 5 78 8
20180702 174220 11 4 71 15
20180702 174221 15 2 79 14
20180702 174222 19 6 74 10
20180702 174223 26 9 77 8
20180702 174224 17 10 81 17
20180702 174225 19 1 71 13
20180702 174226 23 9 80 9
20180702 174227 19 2 94 14
20180702 174228 16 10 90 16
20180702 174229 14 4 85 10
20180702 174230 15 8 79 15
20180702 174231 14 4 81 13
20180702 174232 13 4 71 14
20180702 174233 16 5 86 11
20180702 174234 21 1 83 11
20180702 174235 21 7 82 11
20180702 174236 16 8 82 14
20180702 174237 22 2 83 13
20180702 174238 14 6 78 7
20180702 174239 14 10 80 11
20180702 174240 20 4 79 18
20180702 174241 22 4 79 14
20180702 174242 18 8 84 16
20180702 174243 17 9 82 14
20180702 174244 18 2 87 14
20180702 174245 18 -1 71 6
20180702 174247 20 8 81 19
20180702 174248 14 8 84 4
20180702 174249 24 5 71 11
20180702 174250 24 8 73 15
20180702 174251 14 3 72 15
20180702 174252 15 6 79 9
20180702 174253 21 7 73 16
20180702 174254 23 5 87 14
20180702 174255 14 6 84 19
20180702 174256 23 3 80 17
20180702 174257 23 4 76 12
20180702 174258 15 3 72 8
20180702 174259 21 7 83 13
20180702 174300 16 5 84 10
20180702 174301 15 6 84 8
20180702 174302 15 2 72 8
20180702 174303 19 11 80 16
20180702 174304 17 6 84 16
20180702 174305 22 3 76 15
20180702 174306 22 -1 86 13
20180702 174307 18 9 83 13
20180702 174308 19 8 75 15
20180702 174309 20 6 83 15
20180702 174310 27 6 89 5
20180702 174311 15 4 74 11
20180702 174312 15 8 77 13
20180702 174313 20 8 88 20
20180702 174314 14 3 72 19
20180702 174315 17 -1 86 10
20180702 174316 21 5 94 8
20180702 174317 16 7 76 11
20180702 174318 12 2 81 11
20180702 174319 23 8 78 13
20180702 174320 16 6 79 14
20180702 174321 20 6 72 19
20180702 174322 21 7 82 16
20180702 174323 19 3 80 15
20180702 174324 24 6 88 14
20180702 174326 17 5 87 12
20180702 174327 18 4 85 4
20180702 174328 14 2 85 16
20180702 174329 20 5 74 11
20180702 174330 22 -1 88 14
20180702 174331 22 5 87 13
20180702 174332 17 7 78 10
20180702 174333 18 5 74 10
20180702 174334 20 9 79 13
20180702 174335 17 8 83 15
20180702 174336 15 5 78 11
20180702 174337 17 8 88 17
20180702 174338 14 11 81 10
20180702 174339 18 13 89 13
20180702 174340 20 7 77 19
20180702 174341 18 6 78 19
20180702 174342 18 4 74 8
20180702 174343 19 9 84 8
20180702 174344 23 3 83 15
20180702 174345 18 5 90 16
20180702 174346 21 6 90 18
20180702 174347 19 7 82 13
20180702 174348 14 12 70 20
20180702 174349 18 5 83 8
20180702 174350 17 0 79 14
20180702 174351 15 7 91 11
20180702 174352 21 6 79 9
20180702 174353 9 2 78 17
20180702 174354 22 4 92 16
20180702 174355 16 0 83 14
20180702 174356 17 2 76 13
20180702 174357 15 8 75 17
20180702 174358 16 5 82 14
20180702 174359 19 3 79 7
20180702 174400 14 9 76 10
20180702 174401 18 1 87 10
20180702 174402 16 4 82 15
20180702 174403 15 8 85 12
20180702 174404 18 7 79 13
20180702 174406 19 8 78 13
20180702 174407 18 3 86 15
20180702 174408 21 6 80 18
20180702 174409 10 4 70 7
20180702 174410 22 8 95 17
20180702 174411 17 8 75 18
20180702 174412 11 4 87 17
20180702 174413 15 10 78 12
20180702 174414 25 4 83 10
20180702 174415 21 4 84 13
20180702 174416 18 6 83 11
20180702 174417 24 4 75 9
20180702 174418 21 11 90 16
20180702 174419 22 4 82 11
20180702 174420 23 8 84 10
20180702 174421 19 1 69 15
20180702 174422 14 6 83 14
20180702 174423 18 7 81 17
20180702 174424 17 6 80 14
20180702 174425 12 4 82 5
20180702 174426 24 7 78 14
20180702 174427 23 4 72 9
20180702 174428 20 3 76 17
20180702 174429 22 8 80 10
20180702 174430 21 8 72 15
20180702 174431 17 6 85 11
20180702 174432 14 2 76 17
20180702 174433 18 7 72 16
20180702 174434 22 0 95 8
20180702 174435 19 7 74 15
20180702 174436 21 9 79 11
20180702 174437 19 4 75 9
20180702 174438 25 6 77 9
20180702 174439 15 10 73 11
20180702 174440 27 7 77 7
20180702 174441 21 6 89 10
20180702 174442 21 11 67 19
20180702 174443 17 9 81 15
20180702 174445 17 10 78 6
20180702 174446 16 6 83 8
20180702 174447 17 7 68 8
20180702 174448 17 7 82 10
20180702 174449 20 7 78 16
20180702 174450 20 7 81 12
20180702 174451 18 6 86 8
20180702 174452 12 6 79 13
20180702 174453 16 8 86 16
20180702 174454 18 7 88 11
20180702 174455 18 6 82 15
20180702 174456 21 4 85 10
20180702 174457 25 5 75 13
20180702 174458 12 6 71 10
20180702 174459 16 7 69 6
20180702 174500 16 6 90 16
20180702 174501 19 2 73 16
20180702 174502 19 8 77 14
20180702 174503 16 1 85 15
20180702 174504 20 3 74 5
20180702 174505 21 8 79 10
20180702 174506 20 5 74 14
20180702 174507 14 1 75 10
20180702 174508 14 8 70 11
20180702 174509 14 4 83 10
20180702 174510 19 6 80 18
20180702 174511 27 7 73 15
20180702 174512 23 4 77 13
20180702 174513 19 9 83 20
20180702 174514 18 8 78 14
20180702 174515 24 7 81 11
20180702 174516 22 5 90 16
20180702 174517 21 8 87 21
20180702 174518 23 -1 83 10
20180702 174519 21 5 77 15
20180702 174520 12 8 74 8
20180702 174521 12 2 83 11
20180702 174522 14 12 80 10
20180702 174523 17 1 76 9
20180702 174525 20 5 80 12
20180702 174526 17 10 88 15
20180702 174527 17 1 88 11
20180702 174528 9 8 76 7
20180702 174529 18 4 75 5
20180702 174530 23 8 72 12
20180702 174531 15 4 70 10
20180702 174532 24 7 78 16
20180702 174533 17 2 86 13
20180702 174534 22 6 84 14
20180702 174535 18 6 94 7
20180702 174536 18 8 86 17
20180702 174537 17 6 78 15
20180702 174538 19 2 85 8
20180702 174539 20 5 79 11
20180702 174540 18 9 79 18
20180702 174541 17 9 85 12
20180702 174542 18 5 73 11
20180702 174543 15 5 83 7
20180702 174544 20 7 73 11
20180702 174545 19 10 73 17
20180702 174546 12 7 89 12
20180702 174547 22 8 79 14
20180702 174548 21 4 85 18
20180702 174549 24 -1 94 16
20180702 174550 19 5 76 14
20180702 174551 17 7 77 14
20180702 174552 11 5 80 16
20180702 174553 21 4 73 11
20180702 174554 15 3 88 13
20180702 174555 17 7 79 9
20180702 174556 19 2 79 13
20180702 174557 15 5 75 14
20180702 174558 14 6 85 9
20180702 174559 20 3 75 18
20180702 174600 14 3 84 6
20180702 174601 19 8 81 21
20180702 174602 23 8 79 15
20180702 174604 13 6 72 6
20180702 174605 17 10 75 10
20180702 174606 19 10 87 10
20180702 174607 20 6 70 8
20180702 174608 12 9 86 11
20180702 174609 21 6 83 13
20180702 174610 17 5 80 12
20180702 174611 25 3 82 12
20180702 174612 12 5 89 10
20180702 174613 20 9 74 10
20180702 174614 15 10 82 12
20180702 174615 21 4 82 15
20180702 174616 18 7 77 8
20180702 174617 10 8 88 20
20180702 174618 22 10 83 15
20180702 174619 14 6 85 11
20180702 174620 19 7 77 11
20180702 174621 14 4 75 14
20180702 174622 16 6 83 9
20180702 174623 18 4 85 17
20180702 174624 25 5 88 5
20180702 174625 17 0 86 15
20180702 174626 25 3 85 10
20180702 174627 11 7 79 16
20180702 174628 19 7 86 20
20180702 174629 15 5 78 9
20180702 174630 17 6 84 9
20180702 174631 19 3 83 9
20180702 174632 17 -1 71 14
20180702 174633 21 5 84 5
20180702 174634 12 6 79 11
20180702 174635 15 2 82 16
20180702 174636 17 7 77 15
20180702 174637 15 11 85 12
20180702 174638 13 5 87 10
20180702 174639 19 1 76 16
20180702 174640 22 8 83 13
20180702 174641 17 1 75 8
20180702 174642 25 9 84 15
20180702 174644 15 4 82 16
20180702 174645 19 5 80 7
20180702 174646 10 8 82 13
20180702 174647 26 9 76 17
20180702 174648 16 4 77 7
20180702 174649 19 2 79 18
20180702 174650 24 6 92 10
20180702 174651 20 5 68 22
20180702 174652 19 7 92 16
20180702 174653 18 8 85 15
20180702 174654 20 6 79 11
20180702 174655 17 3 85 12
20180702 174656 14 7 88 10
20180702 174657 23 4 77 17
20180702 174658 17 8 79 7
20180702 174659 14 5 82 11
20180702 174700 16 6 71 5
20180702 174701 25 7 87 10
20180702 174702 17 10 95 14
20180702 174703 16 9 69 11
20180702 174704 19 2 81 16
20180702 174705 19 -2 81 8
20180702 174706 21 10 81 16
20180702 174707 14 7 77 14
20180702 174708 12 5 74 17
20180702 174709 24 6 85 10
20180702 174710 20 6 66 19
20180702 174711 15 9 83 15
20180702 174712 12 11 81 9
20180702 174713 13 9 72 15
20180702 174714 25 8 78 13
20180702 174715 21 1 81 10
20180702 174716 17 4 82 15
20180702 174717 17 8 82 13
20180702 174718 15 2 86 12
20180702 174719 23 9 89 20
20180702 174720 21 10 70 12
20180702 174721 19 7 89 12
20180702 174723 22 7 91 9
20180702 174724 22 9 84 18
20180702 174725 18 4 79 14
20180702 174726 19 8 73 11
20180702 174727 21 7 69 12
20180702 174728 23 5 73 10
20180702 174729 16 7 76 15
20180702 174730 13 9 75 19
20180702 174731 17 4 87 10
20180702 174732 18 3 77 14
20180702 174733 14 6 89 10
20180702 174734 13 6 78 16
20180702 174735 18 5 79 11
20180702 174736 20 4 90 20
20180702 174737 18 11 81 9
20180702 174738 10 11 79 12
20180702 174739 11 4 84 4
20180702 174740 19 6 73 8
20180702 174741 18 0 89 9
20180702 174742 22 0 77 16
20180702 174743 26 6 79 9
20180702 174744 14 2 87 5
20180702 174745 20 7 85 9
20180702 174746 20 4 87 17
20180702 174747 17 6 76 12
20180702 174748 17 4 87 15
20180702 174749 16 0 74 7
20180702 174750 15 4 81 12
20180702 174751 12 9 82 15
20180702 174752 22 3 74 20
20180702 174753 21 7 89 12
20180702 174754 19 5 80 13
20180702 174755 18 7 81 8
20180702 174756 21 10 79 20
20180702 174757 21 3 79 11
20180702 174758 17 5 85 12
20180702 174759 12 0 82 15
20180702 174800 21 5 80 9
20180702 174802 15 11 82 12
20180702 174803 17 11 84 12
20180702 174804 18 5 79 13
20180702 174805 17 3 71 14
20180702 174806 17 11 87 15
20180702 174807 19 6 91 12
20180702 174808 22 8 71 12
20180702 174809 20 3 75 7
20180702 174810 19 2 94 19
20180702 174811 19 4 87 16
20180702 174812 15 9 74 15
20180702 174813 23 3 88 14
20180702 174814 17 4 77 6
20180702 174815 25 6 83 12
20180702 174816 16 8 91 8
20180702 174817 21 10 83 11
20180702 174818 14 7 76 10
20180702 174819 13 5 83 11
20180702 174820 18 4 79 15
20180702 174821 13 9 73 18
20180702 174822 19 7 81 18
20180702 174823 21 5 86 13
20180702 174824 23 1 83 11
20180702 174825 19 4 76 7
20180702 174826 18 8 68 13
20180702 174827 22 8 71 12
20180702 174828 20 8 79 10
20180702 174829 22 10 75 12
20180702 174830 17 0 86 5
20180702 174831 23 6 80 16
20180702 174832 15 6 68 7
20180702 174833 20 6 77 14
20180702 174834 24 6 76 16
20180702 174835 18 8 78 14
20180702 174836 10 12 73 18
20180702 174837 18 5 84 12
20180702 174838 20 8 76 13
20180702 174839 18 12 78 8
20180702 174840 19 4 72 12
20180702 174842 20 6 79 9
20180702 174843 20 6 82 21
20180702 174844 20 4 71 8
20180702 174845 20 4 84 15
20180702 174846 18 9 74 9
20180702 174847 19 10 82 10
20180702 174848 18 2 76 12
20180702 174849 21 3 86 6
20180702 174850 23 -1 88 15
20180702 174851 15 10 87 7
20180702 174852 22 2 96 12
20180702 174853 14 6 74 18
20180702 174854 12 6 79 12
20180702 174855 16 8 86 16
20180702 174856 14 0 80 13
20180702 174857 13 13 87 16
20180702 174858 27 3 74 14
20180702 174859 17 9 81 10
20180702 174900 21 2 77 12
20180702 174901 24 6 74 4
20180702 174902 16 2 82 11
20180702 174903 17 5 82 12
20180702 174904 22 3 84 13
20180702 174905 13 8 78 16
20180702 174906 20 3 83 12
20180702 174907 23 11 75 11
20180702 174908 21 6 79 15
20180702 174909 16 10 78 15
20180702 174910 22 5 70 19
20180702 174911 14 2 84 13
20180702 174912 19 6 79 18
20180702 174913 19 2 81 16
20180702 174914 15 4 80 11
20180702 174915 14 7 89 8
20180702 174916 23 2 83 6
20180702 174917 17 5 76 13
20180702 174918 16 6 72 9
20180702 174919 14 7 71 9
20180702 174921 14 7 79 12
20180702 174922 25 8 82 12
20180702 174923 20 2 86 7
20180702 174924 17 3 90 11
20180702 174925 22 2 73 14
20180702 174926 19 6 86 16
20180702 174927 22 8 77 15
20180702 174928 15 3 77 15
20180702 174929 17 2 77 10
20180702 174930 16 7 75 6
20180702 174931 24 2 90 18
20180702 174932 17 12 82 12
20180702 174933 18 10 82 18
20180702 174934 17 6 91 10
20180702 174935 22 8 83 15
20180702 174936 17 8 76 11
20180702 174937 15 0 87 17
20180702 174938 16 10 78 14
20180702 174939 17 7 77 18
20180702 174940 16 3 90 7
20180702 174941 15 -1 73 10
20180702 174942 20 3 90 9
20180702 174943 20 7 87 11
20180702 174944 13 7 94 18
20180702 174945 16 2 79 11
20180702 174946 18 6 78 7
20180702 174947 19 3 73 18
20180702 174948 26 7 74 11
20180702 174949 17 7 74 12
20180702 174950 24 8 72 9
20180702 174951 23 6 79 15
20180702 174952 15 4 82 15
20180702 174953 15 7 81 13
20180702 174954 19 4 69 21
20180702 174955 14 2 79 14
20180702 174956 10 4 89 16
20180702 174957 20 5 74 13
20180702 174958 17 5 72 14
20180702 175000 19 3 75 10
20180702 175001 15 7 84 15
20180702 175002 16 9 79 7
20180702 175003 25 4 75 14
20180702 175004 14 5 78 12
20180702 175005 25 8 83 14
20180702 175006 24 10 78 11
20180702 175007 21 7 86 18
20180702 175008 21 7 73 8
20180702 175009 20 9 80 12
20180702 175010 17 1 85 15
20180702 175011 24 9 81 12
20180702 175012 21 6 71 9
20180702 175013 19 5 81 13
20180702 175014 16 7 88 8
20180702 175015 19 5 87 12
20180702 175016 21 8 81 14
20180702 175017 11 4 86 7
20180702 175018 12 2 81 13
20180702 175019 17 7 83 15
20180702 175020 24 3 71 12
20180702 175021 19 9 76 12
20180702 175022 20 7 90 11
20180702 175023 18 9 80 6
20180702 175024 20 4 88 6
20180702 175025 16 10 87 19
20180702 175026 17 5 93 14
20180702 175027 20 6 89 10
20180702 175028 20 3 70 15
20180702 175029 17 9 94 14
20180702 175030 17 9 79 13
20180702 175031 21 6 73 11
20180702 175032 20 10 85 12
20180702 175033 19 6 74 6
20180702 175034 15 10 74 15
20180702 175035 21 8 72 9
20180702 175036 18 4 82 14
20180702 175037 10 7 83 9
20180702 175038 15 13 97 14
20180702 175040 14 5 86 15
20180702 175041 24 11 80 8
20180702 175042 16 8 89 15
20180702 175043 14 4 72 7
20180702 175044 16 2 75 17
20180702 175045 17 5 75 12
20180702 175046 16 0 80 11
20180702 175047 20 3 91 11
20180702 175048 22 8 74 7
20180702 175049 20 3 81 11
20180702 175050 22 8 71 12
20180702 175051 24 4 90 9
20180702 175052 19 9 79 18
20180702 175053 16 4 78 10
20180702 175054 16 3 86 9
20180702 175055 19 6 80 16
20180702 175056 18 6 76 10
20180702 175057 18 7 74 12
20180702 175058 13 10 77 13
20180702 175059 19 12 71 16
20180702 175100 17 5 93 13
20180702 175101 18 6 75 10
20180702 175102 13 3 94 12
20180702 175103 22 5 81 11
20180702 175104 18 5 78 6
20180702 175105 17 10 71 10
20180702 175106 24 3 84 11
20180702 175107 17 2 72 14
20180702 175108 15 6 79 7
20180702 175109 21 3 79 16
20180702 175110 16 6 71 8
20180702 175111 15 2 83 9
20180702 175112 16 6 79 14
20180702 175113 19 2 91 13
20180702 175114 21 11 74 11
20180702 175115 20 4 85 11
20180702 175116 17 7 73 20
20180702 175117 18 11 79 15
20180702 175119 25 4 83 13
20180702 175120 24 4 67 10
20180702 175121 18 5 73 16
20180702 175122 19 10 77 9
20180702 175123 18 9 72 9
20180702 175124 16 6 85 5
20180702 175125 20 5 83 11
20180702 175126 21 5 77 18
20180702 175127 13 6 84 8
20180702 175128 13 10 89 10
20180702 175129 17 7 76 10
20180702 175130 19 10 74 13
20180702 175131 21 9 68 7
20180702 175132 19 7 75 16
20180702 175133 21 1 73 11
20180702 175134 15 4 75 11
20180702 175135 18 7 79 14
20180702 175136 15 9 71 13
20180702 175137 24 6 75 6
20180702 175138 21 5 79 9
20180702 175139 18 4 81 9
20180702 175140 25 1 84 15
20180702 175141 15 7 80 10
20180702 175142 15 6 83 19
20180702 175143 13 8 95 9
20180702 175144 11 6 77 15
20180702 175145 16 7 77 6
20180702 175146 18 2 77 12
20180702 175147 18 6 79 15
20180702 175148 25 6 84 7
20180702 175149 22 2 77 5
20180702 175150 16 8 78 11
20180702 175151 17 4 72 18
20180702 175152 11 8 85 10
20180702 175153 14 8 73 9
20180702 175154 28 7 75 19
20180702 175155 21 4 88 7
20180702 175156 21 8 78 10
20180702 175157 20 6 91 14
20180702 175159 17 5 71 15
20180702 175200 17 5 71 10
20180702 175201 21 6 78 12
20180702 175202 20 6 71 21
20180702 175203 21 9 75 14
20180702 175204 15 5 86 13
20180702 175205 20 6 81 7
20180702 175206 15 5 76 8
20180702 175207 18 4 80 10
20180702 175208 15 5 86 8
20180702 175209 11 1 70 16
20180702 175210 19 11 71 15
20180702 175211 22 8 88 15
20180702 175212 16 1 78 16
20180702 175213 20 4 82 9
20180702 175214 17 2 77 17
20180702 175215 20 8 80 15
20180702 175216 21 8 79 16
20180702 175217 15 2 89 14
20180702 175218 20 8 80 12
20180702 175219 20 2 68 9
20180702 175220 17 7 69 9
20180702 175221 23 7 77 16
20180702 175222 16 3 84 12
20180702 175223 23 2 72 14
20180702 175224 13 1 80 12
20180702 175225 18 3 75 17
20180702 175226 15 8 79 7
20180702 175227 12 11 67 10
20180702 175228 18 10 81 14
20180702 175229 14 7 76 11
20180702 175230 20 9 77 13
20180702 175231 18 9 79 9
20180702 175232 20 11 91 18
20180702 175233 13 6 78 6
20180702 175234 14 12 78 14
20180702 175235 22 8 74 16
20180702 175236 17 6 77 13
20180702 175238 17 5 77 15
20180702 175239 21 13 83 12
20180702 175240 18 5 80 15
20180702 175241 25 7 71 10
20180702 175242 15 11 74 16
20180702 175243 16 5 72 16
20180702 175244 22 10 79 16
20180702 175245 14 6 76 7
20180702 175246 17 5 79 14
20180702 175247 25 9 84 15
20180702 175248 18 4 83 12
20180702 175249 21 0 85 18
20180702 175250 15 6 79 12
20180702 175251 19 7 74 16
20180702 175252 19 4 84 11
20180702 175253 17 9 89 16
20180702 175254 16 9 77 14
20180702 175255 20 5 71 9
20180702 175256 15 9 70 8
20180702 175257 20 8 94 5
20180702 175258 11 10 81 12
20180702 175259 12 4 79 13
20180702 175300 20 9 70 16
20180702 175301 15 3 73 16
20180702 175302 24 4 85 10
20180702 175303 19 4 69 18
20180702 175304 16 3 74 19
20180702 175305 22 5 78 16
20180702 175306 9 6 77 6
20180702 175307 19 5 86 7
20180702 175308 15 9 77 14
20180702 175309 16 1 85 11
20180702 175310 15 9 76 13
20180702 175311 21 9 77 6
20180702 175312 19 10 78 8
20180702 175313 18 5 80 12
20180702 175314 17 4 83 10
20180702 175315 16 5 86 9
20180702 175317 18 6 81 11
20180702 175318 18 5 73 12
20180702 175319 13 4 81 8
20180702 175320 15 7 79 13
20180702 175321 17 2 69 10
20180702 175322 27 7 70 12
20180702 175323 27 7 90 16
20180702 175324 15 8 87 9
20180702 175325 20 7 67 14
20180702 175326 18 1 81 15
20180702 175327 18 0 85 15
20180702 175328 20 6 75 18
20180702 175329 19 6 79 11
20180702 175330 14 6 80 11
20180702 175331 15 8 69 17
20180702 175332 16 10 79 15
20180702 175333 22 5 78 19
20180702 175334 21 6 77 20
20180702 175335 20 8 73 16
20180702 175336 19 1 78 11
20180702 175337 12 0 75 10
20180702 175338 14 7 86 10
20180702 175339 16 9 90 8
20180702 175340 17 9 78 21
20180702 175341 15 7 79 15
20180702 175342 22 6 87 4
20180702 175343 14 5 84 14
20180702 175344 23 5 84 13
20180702 175345 23 0 79 14
20180702 175346 22 8 67 10
20180702 175347 27 6 73 12
20180702 175348 17 8 81 11
20180702 175349 14 11 71 14
20180702 175350 12 6 79 11
20180702 175351 17 9 72 11
20180702 175352 23 10 74 10
20180702 175353 18 9 75 16
20180702 175354 23 3 79 16
20180702 175355 15 9 88 15
20180702 175357 18 5 80 18
20180702 175358 18 9 75 16
20180702 175359 13 5 80 6
20180702 175400 14 6 79 15
20180702 175401 9 7 79 12
20180702 175402 20 5 90 7
20180702 175403 21 11 73 19
20180702 175404 20 4 83 15
20180702 175405 20 2 86 14
20180702 175406 13 6 84 8
20180702 175407 12 7 83 15
20180702 175408 16 4 77 10
20180702 175409 20 9 77 19
20180702 175410 12 11 72 13
20180702 175411 17 2 92 11
20180702 175412 23 5 75 12
20180702 175413 14 8 75 20
20180702 175414 16 8 92 13
20180702 175415 22 5 87 9
20180702 175416 17 7 91 17
20180702 175417 17 3 78 12
20180702 175418 12 7 75 14
20180702 175419 21 6 82 11
20180702 175420 18 6 82 19
20180702 175421 14 3 82 10
20180702 175422 23 5 85 14
20180702 175423 19 -2 81 14
20180702 175424 18 5 72 12
20180702 175425 18 6 71 12
20180702 175426 19 8 90 3
20180702 175427 14 9 80 6
20180702 175428 23 1 82 13
20180702 175429 25 1 78 7
20180702 175430 17 5 72 7
20180702 175431 14 2 88 15
20180702 175432 25 7 86 13
20180702 175433 20 8 72 8
20180702 175434 19 3 82 16
20180702 175436 14 8 79 11
20180702 175437 16 9 83 12
20180702 175438 23 7 78 18
20180702 175439 17 6 76 17
20180702 175440 16 5 87 10
20180702 175441 21 5 73 12
20180702 175442 15 10 83 8
20180702 175443 18 5 74 10
20180702 175444 17 11 90 8
20180702 175445 17 5 81 9
20180702 175446 21 8 90 10
20180702 175447 18 4 86 14
20180702 175448 21 6 79 19
20180702 175449 19 7 85 8
20180702 175450 15 6 77 13
20180702 175451 15 4 83 14
20180702 175452 10 9 85 10
20180702 175453 13 2 90 8
20180702 175454 15 5 70 11
20180702 175455 20 6 79 10
20180702 175456 15 9 95 8
20180702 175457 17 6 71 11
20180702 175458 10 10 70 18
20180702 175459 22 5 88 6
20180702 175500 20 2 88 17
20180702 175501 13 9 82 17
20180702 175502 19 5 89 18
20180702 175503 22 4 80 9
20180702 175504 11 9 81 11
20180702 175505 20 9 73 16
20180702 175506 22 6 84 8
20180702 175507 20 7 83 17
20180702 175508 23 5 73 13
20180702 175509 18 8 74 14
20180702 175510 18 7 76 11
20180702 175511 17 6 74 9
20180702 175512 19 3 76 15
20180702 175513 18 7 80 18
20180702 175514 15 5 86 15
20180702 175516 14 5 73 5
20180702 175517 21 4 73 20
20180702 175518 18 6 91 7
20180702 175519 20 6 81 11
20180702 175520 19 1 86 8
20180702 175521 19 1 71 12
20180702 175522 18 3 77 15
20180702 175523 24 7 83 6
20180702 175524 15 2 83 15
20180702 175525 17 5 74 10
20180702 175526 15 6 84 11
20180702 175527 9 6 87 15
20180702 175528 22 5 77 20
20180702 175529 22 11 88 8
20180702 175530 15 6 81 12
20180702 175531 17 4 71 12
20180702 175532 13 7 81 18
20180702 175533 23 7 77 8
20180702 175534 20 12 75 17
20180702 175535 15 3 75 13
20180702 175536 22 1 78 17
20180702 175537 23 1 78 11
20180702 175538 20 5 71 15
20180702 175539 21 1 75 17
20180702 175540 15 9 83 13
20180702 175541 18 8 81 21
20180702 175542 22 3 81 10
20180702 175543 22 7 74 12
20180702 175544 19 2 82 12
20180702 175545 22 8 82 18
20180702 175546 20 0 92 13
20180702 175547 15 5 96 14
20180702 175548 14 9 82 14
20180702 175549 20 7 72 13
20180702 175550 16 12 70 8
20180702 175551 18 4 75 12
20180702 175552 15 9 80 11
20180702 175553 25 8 72 7
20180702 175555 18 7 82 10
20180702 175556 21 11 76 11
20180702 175557 25 6 74 12
20180702 175558 15 9 86 15
20180702 175559 16 9 79 15
20180702 175600 19 4 73 14
20180702 175601 23 6 80 11
20180702 175602 17 4 85 13
20180702 175603 23 6 83 8
20180702 175604 24 5 82 16
20180702 175605 26 9 72 16
20180702 175606 17 2 76 18
20180702 175607 18 5 73 19
20180702 175608 24 8 69 13
20180702 175609 28 9 75 10
20180702 175610 16 7 80 6
20180702 175611 20 1 83 6
20180702 175612 15 9 75 8
20180702 175613 13 7 77 15
20180702 175614 18 8 77 6
20180702 175615 18 8 71 17
20180702 175616 13 9 76 17
20180702 175617 16 4 82 11
20180702 175618 20 1 77 6
20180702 175619 19 9 83 20
20180702 175620 18 7 80 9
20180702 175621 18 2 84 12
20180702 175622 21 4 82 16
20180702 175623 20 9 68 10
20180702 175624 19 4 81 20
20180702 175625 15 1 75 16
20180702 175626 19 5 82 9
20180702 175627 9 2 72 12
20180702 175628 20 6 79 17
20180702 175629 16 9 69 6
20180702 175630 12 7 77 6
20180702 175631 18 1 82 12
20180702 175632 22 7 82 10
20180702 175634 18 9 71 14
20180702 175635 17 5 80 13
20180702 175636 21 2 73 12
20180702 175637 18 1 72 17
20180702 175638 15 8 83 21
20180702 175639 17 12 79 13
20180702 175640 20 7 86 14
20180702 175641 16 1 87 10
20180702 175642 14 5 81 15
20180702 175643 19 4 93 14
20180702 175644 18 6 83 15
20180702 175645 17 7 85 8
20180702 175646 13 10 76 17
20180702 175647 13 11 69 10
20180702 175648 19 9 79 11
20180702 175649 20 3 76 11
20180702 175650 16 5 82 14
20180702 175651 23 3 83 16
20180702 175652 12 5 81 15
20180702 175653 21 2 80 11
20180702 175654 23 8 79 10
20180702 175655 20 5 92 11
20180702 175656 24 6 70 8
20180702 175657 12 5 88 17
20180702 175658 18 4 88 11
20180702 175659 14 10 79 17
20180702 175700 19 3 92 8
20180702 175701 19 5 83 7
20180702 175702 16 3 91 18
20180702 175703 18 1 91 11
20180702 175704 22 6 85 8
20180702 175705 18 8 73 10
20180702 175706 17 6 75 14
20180702 175707 15 10 80 13
20180702 175708 16 8 88 14
20180702 175709 17 7 78 18
20180702 175710 18 8 75 9
20180702 175711 16 3 74 10
20180702 175712 26 1 87 9
20180702 175714 13 8 70 18
20180702 175715 20 7 78 11
20180702 175716 16 4 74 15
20180702 175717 14 0 83 10
20180702 175718 22 9 69 12
20180702 175719 12 6 93 18
20180702 175720 23 1 75 12
20180702 175721 18 4 73 12
20180702 175722 16 10 82 16
20180702 175723 23 11 81 3
20180702 175724 19 4 81 12
20180702 175725 18 4 78 10
20180702 175726 15 6 82 21
20180702 175727 17 6 78 12
20180702 175728 18 5 77 12
20180702 175729 14 8 84 10
20180702 175730 16 4 80 11
20180702 175731 22 9 76 15
20180702 175732 13 7 81 12
20180702 175733 15 3 71 9
20180702 175734 19 5 89 13
20180702 175735 17 3 75 11
20180702 175736 15 8 77 17
20180702 175737 23 7 78 20
20180702 175738 21 7 76 14
20180702 175739 26 3 80 14
20180702 175740 17 8 82 18
20180702 175741 27 1 72 20
20180702 175742 15 6 80 6
20180702 175743 21 1 76 7
20180702 175744 14 6 88 12
20180702 175745 10 5 80 13
20180702 175746 24 9 74 11
20180702 175747 22 9 80 22
20180702 175748 22 7 86 15
20180702 175749 25 5 72 15
20180702 175750 16 8 74 8
20180702 175751 14 9 74 14
20180702 175753 18 5 77 9
20180702 175754 21 7 71 14
20180702 175755 17 12 82 12
20180702 175756 25 0 79 7
20180702 175757 21 5 81 17
20180702 175758 19 2 78 14
20180702 175759 12 8 89 9
20180702 175800 16 11 85 6
20180702 175801 19 3 73 15
20180702 175802 15 5 83 13
20180702 175803 22 10 73 14
20180702 175804 19 3 82 8
20180702 175805 19 8 73 12
20180702 175806 14 7 76 9
20180702 175807 16 9 83 12
20180702 175808 20 5 78 14
20180702 175809 15 3 71 15
20180702 175810 19 1 80 8
20180702 175811 16 2 80 16
20180702 175812 21 8 71 11
20180702 175813 15 3 85 16
20180702 175814 14 11 68 21
20180702 175815 17 9 76 5
20180702 175816 16 6 76 18
20180702 175817 17 5 75 12
20180702 175818 10 5 79 15
20180702 175819 19 7 78 8
20180702 175820 15 5 75 11
20180702 175821 18 7 78 7
20180702 175822 23 4 72 11
20180702 175823 17 7 86 10
20180702 175824 26 2 77 6
20180702 175825 17 7 77 13
20180702 175826 18 6 85 12
20180702 175827 13 7 69 16
20180702 175828 16 4 75 16
20180702 175829 20 5 75 12
20180702 175830 16 7 94 15
20180702 175831 24 5 76 14
20180702 175833 14 6 77 7
20180702 175834 18 1 87 14
20180702 175835 20 3 85 18
20180702 175836 19 4 75 9
20180702 175837 18 5 81 16
20180702 175838 19 7 74 10
20180702 175839 21 4 81 14
20180702 175840 18 3 77 6
20180702 175841 18 5 88 21
20180702 175842 25 5 82 12
20180702 175843 17 7 72 8
20180702 175844 18 12 74 9
20180702 175845 19 4 69 15
20180702 175846 20 -2 80 14
20180702 175847 22 -2 88 21
20180702 175848 15 1 78 11
20180702 175849 17 5 88 9
20180702 175850 17 6 82 17
20180702 175851 15 8 78 15
20180702 175852 26 4 73 15
20180702 175853 14 2 70 10
20180702 175854 20 2 85 16
20180702 175855 17 9 81 14
20180702 175856 14 11 92 14
20180702 175857 14 6 86 9
20180702 175858 22 3 80 12
20180702 175859 16 11 72 3
20180702 175900 22 6 77 14
20180702 175901 17 8 80 14
20180702 175902 19 6 70 15
20180702 175903 18 2 75 10
20180702 175904 17 7 78 20
20180702 175905 22 2 70 21
20180702 175906 14 10 83 10
20180702 175907 16 7 77 17
20180702 175908 19 1 88 10
20180702 175909 18 9 80 11
20180702 175910 17 4 80 19
20180702 175912 20 9 74 10
20180702 175913 25 5 82 15
20180702 175914 13 7 72 5
20180702 175915 11 7 88 17
20180702 175916 17 6 71 15
20180702 175917 20 8 73 8
20180702 175918 16 4 77 19
20180702 175919 22 4 75 17
20180702 175920 15 2 77 14
20180702 175921 20 4 68 13
20180702 175922 10 8 76 12
20180702 175923 18 7 80 18
20180702 175924 18 9 86 15
20180702 175925 18 4 93 13
20180702 175926 21 0 70 12
20180702 175927 24 6 76 11
20180702 175928 17 9 91 11
20180702 175929 16 3 93 11
20180702 175930 14 6 81 13
20180702 175931 16 7 92 4
20180702 175932 23 9 74 10
20180702 175933 18 6 80 16
20180702 175934 20 5 87 9
20180702 175935 16 4 79 11
20180702 175936 13 8 73 18
20180702 175937 15 9 82 5
20180702 175938 16 9 88 10
20180702 175939 15 8 71 12
20180702 175940 19 8 80 17
20180702 175941 14 1 80 5
20180702 175942 17 7 71 10
20180702 175943 13 4 76 10
20180702 175944 20 4 77 13
20180702 175945 18 5 84 14
20180702 175946 13 5 70 10
20180702 175947 16 5 76 10
20180702 175948 15 5 77 12
20180702 175949 20 7 79 14
20180702 175950 18 3 79 9
20180702 175952 15 3 82 15
20180702 175953 14 4 81 19
20180702 175954 23 7 84 8
20180702 175955 13 4 92 17
20180702 175956 19 4 88 6
20180702 175957 23 3 73 15
20180702 175958 17 11 75 15
20180702 175959 18 0 81 6
20180702 180000 20 2 83 14
20180702 180001 14 5 88 11
20180702 180002 21 6 70 13
20180702 180003 16 7 86 10
20180702 180004 20 10 77 8
20180702 180005 17 3 82 7
20180702 180006 16 5 74 18
20180702 180007 20 0 75 16
20180702 180008 21 7 71 18
20180702 180009 19 10 79 12
20180702 180010 23 3 79 14
20180702 180011 15 2 76 8
20180702 180012 21 5 87 10
20180702 180013 16 5 87 15
20180702 180014 17 2 86 18
20180702 180015 24 7 85 15
20180702 180016 17 5 73 18
20180702 180017 18 11 87 15
20180702 180018 16 5 78 9
20180702 180019 15 5 73 13
20180702 180020 25 2 70 13
20180702 180021 19 6 82 9
20180702 180022 15 10 84 17
20180702 180023 16 -1 83 9
20180702 180024 20 12 81 12
20180702 180025 16 2 78 13
20180702 180026 28 7 85 5
20180702 180027 22 6 82 14
20180702 180028 13 4 93 17
20180702 180029 15 9 76 10
20180702 180031 26 6 68 11
20180702 180032 14 6 76 7
20180702 180033 19 10 77 18
20180702 180034 16 8 85 13
20180702 180035 19 5 83 9
20180702 180036 19 2 85 7
20180702 180037 16 5 86 8
20180702 180038 18 1 87 12
20180702 180039 15 7 75 9
20180702 180040 17 4 91 19
20180702 180041 19 5 80 10
20180702 180042 16 13 77 19
20180702 180043 21 5 68 19
20180702 180044 12 10 77 11
20180702 180045 18 6 74 6
20180702 180046 22 9 80 13
20180702 180047 18 10 80 7
20180702 180048 14 1 71 17
20180702 180049 17 8 92 15
20180702 180050 21 4 71 16
20180702 180051 21 2 80 15
20180702 180052 15 12 79 11
20180702 180053 17 4 92 13
20180702 180054 13 5 79 16
20180702 180055 17 6 70 11
20180702 180056 18 10 75 16
20180702 180057 23 3 79 12
20180702 180058 17 3 79 17
20180702 180059 22 3 78 16
20180702 180100 20 5 82 13
20180702 180101 20 8 78 13
20180702 180102 22 5 79 8
20180702 180103 12 9 90 12
20180702 180104 19 4 72 10
20180702 180105 17 9 76 12
20180702 180106 17 12 69 17
20180702 180107 16 6 87 9
20180702 180108 15 3 94 14
20180702 180110 26 10 83 10
20180702 180111 18 5 71 14
20180702 180112 18 9 79 9
20180702 180113 21 0 86 5
20180702 180114 26 7 95 9
20180702 180115 24 6 76 9
20180702 180116 17 6 92 19
20180702 180117 13 5 82 15
20180702 180118 17 0 71 17
20180702 180119 12 7 83 15
20180702 180120 14 10 73 19
20180702 180121 14 -1 81 15
20180702 180122 16 1 82 21
20180702 180123 16 5 76 10
20180702 180124 13 7 87 10
20180702 180125 13 6 71 14
20180702 180126 20 2 73 11
20180702 180127 20 10 83 11
20180702 180128 20 2 81 15
20180702 180129 16 9 76 18
20180702 180130 25 1 82 15
20180702 180131 20 -1 81 13
20180702 180132 15 2 75 13
20180702 180133 19 6 73 18
20180702 180134 19 9 88 16
20180702 180135 19 7 80 11
20180702 180136 16 5 72 17
20180702 180137 18 6 93 11
20180702 180138 18 4 80 13
20180702 180139 20 2 74 12
20180702 180140 21 8 69 14
20180702 180141 17 8 69 14
20180702 180142 15 10 90 12
20180702 180143 17 4 75 11
20180702 180144 16 3 84 15
20180702 180145 19 5 89 20
20180702 180146 18 5 78 12
20180702 180147 15 6 89 16
20180702 180148 22 6 83 7
20180702 180150 27 1 75 10
20180702 180151 21 11 75 12
20180702 180152 18 9 81 7
20180702 180153 20 -1 77 21
20180702 180154 16 6 84 15
20180702 180155 14 3 82 14
20180702 180156 13 7 83 20
20180702 180157 18 3 87 12
20180702 180158 22 6 85 15
20180702 180159 15 5 74 16
20180702 180200 21 9 85 12
20180702 180201 21 4 72 11
20180702 180202 16 6 76 15
20180702 180203 19 4 94 14
20180702 180204 15 9 78 12
20180702 180205 20 4 81 9
20180702 180206 19 4 78 12
20180702 180207 18 3 87 14
20180702 180208 17 6 84 15
20180702 180209 24 0 81 19
20180702 180210 20 -1 81 21
20180702 180211 15 4 78 8
20180702 180212 13 4 81 6
20180702 180213 18 5 78 9
20180702 180214 18 4 87 8
20180702 180215 19 2 81 10
20180702 180216 22 6 70 11
20180702 180217 18 8 76 5
20180702 180218 23 8 83 17
20180702 180219 12 7 75 12
20180702 180220 18 7 82 14
20180702 180221 17 6 75 7
20180702 180222 17 6 76 17
20180702 180223 17 12 78 15
20180702 180224 17 4 75 16
20180702 180225 15 5 77 11
20180702 180226 16 7 84 19
20180702 180227 20 7 80 11
20180702 180229 11 6 83 16
20180702 180230 21 7 72 9
20180702 180231 18 8 76 6
20180702 180232 18 5 85 17
20180702 180233 21 7 82 19
20180702 180234 23 3 88 16
20180702 180235 16 6 77 12
20180702 180236 22 4 81 9
20180702 180237 16 6 85 7
20180702 180238 14 6 87 15
20180702 180239 12 4 71 9
20180702 180240 22 3 89 13
20180702 180241 16 7 72 9
20180702 180242 15 7 76 12
20180702 180243 18 7 79 10
20180702 180244 23 7 82 14
20180702 180245 14 3 75 7
20180702 180246 15 6 79 16
20180702 180247 21 4 82 12
20180702 180248 16 4 80 16
20180702 180249 19 3 76 16
20180702 180250 20 6 72 13
20180702 180251 16 8 76 10
20180702 180252 21 5 79 13
20180702 180253 22 9 90 11
20180702 180254 15 7 73 16
20180702 180255 21 2 82 11
20180702 180256 15 5 92 10
20180702 180257 19 3 81 15
20180702 180258 24 1 76 15
20180702 180259 19 3 72 20
20180702 180300 11 7 76 11
