20180703 091718 23 3 81 8
20180703 091719 11 5 75 12
20180703 091720 18 11 77 7
20180703 091721 16 7 78 10
20180703 091722 9 1 84 8
20180703 091723 19 7 94 6
20180703 091724 21 7 76 19
20180703 091725 13 7 82 15
20180703 091726 16 2 81 13
20180703 091727 17 1 92 9
20180703 091728 15 6 83 12
20180703 091729 20 8 82 6
20180703 091730 16 1 87 5
20180703 091731 16 17 76 8
20180703 091732 8 3 95 17
20180703 091733 17 -1 84 10
20180703 091734 5 6 77 21
20180703 091735 16 10 69 10
20180703 091736 23 -2 81 8
20180703 091737 19 12 94 6
20180703 091738 18 10 84 17
20180703 091739 17 11 85 19
20180703 091740 7 8 72 11
20180703 091741 20 0 97 11
20180703 091742 16 12 87 9
20180703 091743 14 10 85 6
20180703 091744 19 3 86 10
20180703 091745 17 10 90 5
20180703 091746 23 8 76 18
20180703 091747 12 13 90 2
20180703 091748 17 5 97 15
20180703 091749 11 15 76 7
20180703 091750 14 4 72 7
20180703 091751 12 12 91 7
20180703 091752 11 12 81 12
20180703 091753 15 7 99 11
20180703 091754 20 11 77 8
20180703 091755 11 8 87 6
20180703 091756 14 -1 84 6
20180703 091758 6 4 98 11
20180703 091759 17 6 77 15
20180703 091800 11 12 92 13
20180703 091801 23 2 94 5
20180703 091802 16 3 82 8
20180703 091803 10 8 94 6
20180703 091804 17 7 98 15
20180703 091805 21 11 93 10
20180703 091806 20 -1 87 14
20180703 091807 16 3 86 17
20180703 091808 9 7 91 5
20180703 091809 12 18 70 12
20180703 091810 13 6 77 19
20180703 091811 21 7 78 17
20180703 091812 17 -2 82 9
20180703 091813 21 8 76 13
20180703 091814 9 4 76 12
20180703 091815 22 -3 80 17
20180703 091816 12 10 91 23
20180703 091817 18 4 80 15
20180703 091820 21 15 71 12
20180703 091821 12 3 93 12
20180703 091822 17 -4 68 13
20180703 091823 12 0 90 14
20180703 091824 13 2 89 13
20180703 091825 21 8 83 9
20180703 091826 11 12 93 5
20180703 091827 12 7 78 11
20180703 091828 22 6 89 11
20180703 091829 14 2 84 12
20180703 091830 17 2 86 12
20180703 091831 13 -1 86 8
20180703 091832 19 3 87 19
20180703 091833 20 12 70 17
20180703 091834 9 1 85 10
20180703 091835 17 4 87 6
20180703 091836 16 3 102 10
20180703 091837 8 11 82 18
20180703 091838 17 -5 83 12
20180703 091839 11 4 81 6
20180703 091840 17 11 85 15
20180703 091841 19 3 75 12
20180703 091842 13 9 72 14
20180703 091843 13 11 80 14
20180703 091844 20 10 87 8
20180703 091845 13 7 84 15
20180703 091846 11 7 87 13
20180703 091847 10 2 79 17
20180703 091848 15 5 72 12
20180703 091849 22 14 74 13
20180703 091850 20 6 79 4
20180703 091851 22 2 83 15
20180703 091853 11 4 90 14
20180703 091854 18 9 86 7
20180703 091855 22 11 88 13
20180703 091856 14 5 79 0
20180703 091857 13 8 83 11
20180703 091858 22 6 82 15
20180703 091859 14 11 70 10
20180703 091900 8 6 90 10
20180703 091901 12 4 75 14
20180703 091902 16 12 84 9
20180703 091903 26 5 85 8
20180703 091904 28 9 83 18
20180703 091905 13 2 75 13
20180703 091906 15 0 73 10
20180703 091907 14 3 86 18
20180703 091908 20 1 89 14
20180703 091909 19 13 81 13
20180703 091910 15 7 78 12
20180703 091911 18 1 99 16
20180703 091912 18 11 81 17
20180703 091913 14 6 76 9
20180703 091914 8 10 78 3
20180703 091915 28 5 77 15
20180703 091916 15 10 98 14
20180703 091917 18 5 79 7
20180703 091918 17 14 96 8
20180703 091919 15 11 71 14
20180703 091920 17 5 84 9
20180703 091921 11 -3 88 9
20180703 091922 12 10 89 9
20180703 091923 10 4 87 5
20180703 091924 9 -1 81 11
20180703 091925 14 11 78 21
20180703 091926 20 7 70 9
20180703 091927 15 0 87 10
20180703 091928 23 3 96 8
20180703 091929 14 10 84 17
20180703 091930 16 0 78 4
20180703 091931 16 4 75 15
20180703 091932 13 15 68 13
20180703 091933 6 0 82 12
20180703 091934 13 5 88 19
20180703 091935 18 8 90 13
20180703 091936 12 3 78 14
20180703 091937 15 2 85 12
20180703 091938 6 6 79 5
20180703 091939 11 1 82 15
20180703 091940 12 7 78 15
20180703 091941 13 10 76 13
20180703 091942 16 2 84 13
20180703 091943 15 5 74 12
20180703 091944 14 4 81 10
20180703 091945 10 2 81 11
20180703 091946 12 4 87 17
20180703 091947 18 12 79 18
20180703 091949 15 7 93 10
20180703 091950 11 5 87 4
20180703 091951 19 12 89 6
20180703 091952 12 6 89 11
20180703 091953 20 -1 79 14
20180703 091954 23 2 81 12
20180703 091955 13 3 91 10
20180703 091956 24 2 79 9
20180703 091957 24 13 88 12
20180703 091958 10 6 82 7
20180703 091959 19 9 87 7
20180703 092000 17 11 81 14
20180703 092001 10 6 88 7
20180703 092002 18 6 84 13
20180703 092003 17 -3 79 18
20180703 092004 18 12 80 13
20180703 092005 18 9 80 13
20180703 092006 19 -5 76 7
20180703 092007 19 9 87 11
20180703 092008 24 10 92 8
20180703 092009 15 9 84 17
20180703 092010 17 6 81 7
20180703 092011 15 9 81 10
20180703 092012 15 3 89 7
20180703 092013 18 4 93 14
20180703 092014 15 2 89 8
20180703 092015 15 9 82 10
20180703 092016 11 -1 78 18
20180703 092017 13 4 85 18
20180703 092018 14 7 88 15
20180703 092019 12 3 80 12
20180703 092020 10 6 82 11
20180703 092021 20 12 90 6
20180703 092022 23 7 82 15
20180703 092023 15 3 69 11
20180703 092024 12 -6 90 18
20180703 092025 12 8 97 22
20180703 092026 14 12 87 11
20180703 092027 15 8 87 18
20180703 092028 14 4 72 11
20180703 092030 15 11 76 15
20180703 092031 10 -2 82 11
20180703 092032 9 6 74 16
20180703 092033 15 7 90 17
20180703 092034 13 4 91 15
20180703 092035 18 8 90 4
20180703 092036 10 9 86 14
20180703 092037 15 4 76 19
20180703 092038 14 3 83 16
20180703 092039 17 4 75 15
20180703 092040 17 6 86 15
20180703 092041 17 4 81 14
20180703 092042 24 9 78 6
20180703 092043 14 6 80 20
20180703 092044 11 5 99 9
20180703 092045 13 8 102 9
20180703 092046 22 6 92 13
20180703 092047 16 3 80 7
20180703 092048 15 8 74 15
20180703 092049 14 8 75 12
20180703 092050 17 7 75 9
20180703 092051 12 10 92 15
20180703 092052 18 9 82 7
20180703 092053 7 7 76 13
20180703 092054 15 8 75 9
20180703 092055 17 10 76 14
20180703 092056 19 4 80 15
20180703 092057 13 5 93 10
20180703 092058 24 9 82 12
20180703 092059 15 10 81 18
20180703 092100 22 4 86 9
20180703 092101 20 4 89 11
20180703 092102 16 7 78 14
20180703 092103 15 9 76 17
20180703 092104 21 5 87 12
20180703 092105 13 6 75 11
20180703 092106 17 0 90 14
20180703 092107 17 10 69 10
20180703 092108 16 11 102 10
20180703 092109 13 0 86 23
20180703 092110 27 8 85 10
20180703 092111 17 7 99 9
20180703 092112 7 6 85 4
20180703 092113 14 12 90 10
20180703 092114 16 0 83 11
20180703 092116 15 2 98 15
20180703 092117 8 8 84 7
20180703 092118 14 7 87 12
20180703 092119 10 5 89 8
20180703 092120 15 4 85 14
20180703 092121 15 9 82 13
20180703 092122 9 5 89 17
20180703 092123 16 8 73 15
20180703 092124 16 8 86 20
20180703 092125 15 4 81 11
20180703 092126 14 1 74 13
20180703 092127 15 10 77 12
20180703 092128 19 4 91 11
20180703 092129 10 4 94 13
20180703 092131 11 3 85 7
20180703 092132 18 4 84 16
20180703 092133 22 5 94 12
20180703 092134 23 3 84 6
20180703 092135 18 5 93 5
20180703 092136 19 0 73 17
20180703 092137 19 8 69 15
20180703 092138 10 7 89 13
20180703 092139 25 13 88 16
20180703 092140 19 1 78 7
20180703 092141 21 7 92 8
20180703 092142 19 11 85 9
20180703 092143 12 -2 76 19
20180703 092144 20 1 81 9
20180703 092145 16 9 81 10
20180703 092146 20 1 85 13
20180703 092147 13 13 91 5
20180703 092148 18 4 84 15
20180703 092149 8 11 87 14
20180703 092150 10 4 88 18
20180703 092151 18 6 75 11
20180703 092152 17 3 93 13
20180703 092153 13 7 92 15
20180703 092154 19 5 88 11
20180703 092155 11 6 78 10
20180703 092156 15 1 88 13
20180703 092157 17 1 89 10
20180703 092158 20 8 83 3
20180703 092159 23 -3 94 8
20180703 092200 20 3 79 14
20180703 092201 9 11 88 18
20180703 092202 11 -2 87 20
20180703 092203 18 -1 88 10
20180703 092204 13 7 86 10
20180703 092205 13 5 85 7
20180703 092206 8 9 90 8
20180703 092207 13 8 77 8
20180703 092208 21 4 87 15
20180703 092209 12 7 86 12
20180703 092211 17 1 82 11
20180703 092212 15 -4 93 6
20180703 092213 14 4 83 4
20180703 092214 15 8 87 24
20180703 092215 18 4 78 15
20180703 092216 10 3 84 7
20180703 092217 9 5 85 17
20180703 092218 19 4 94 17
20180703 092219 16 8 82 13
20180703 092220 24 5 84 13
20180703 092221 18 8 86 11
20180703 092222 17 6 69 15
20180703 092223 22 6 86 10
20180703 092224 11 6 89 8
20180703 092225 18 13 89 10
20180703 092226 14 6 99 22
20180703 092227 11 1 71 16
20180703 092228 15 8 84 5
20180703 092229 11 10 79 14
20180703 092230 15 5 75 12
20180703 092231 20 8 81 5
20180703 092232 23 7 82 7
20180703 092233 15 5 86 18
20180703 092234 17 9 95 16
20180703 092235 24 0 92 11
20180703 092236 14 8 77 20
20180703 092237 14 12 98 2
20180703 092238 17 2 87 9
20180703 092239 15 11 79 16
20180703 092240 21 5 88 13
20180703 092241 12 11 75 9
20180703 092242 9 -4 81 14
20180703 092243 23 6 86 12
20180703 092244 12 7 82 18
20180703 092245 13 6 76 13
20180703 092246 19 8 75 9
20180703 092247 16 4 92 12
20180703 092248 12 7 83 13
20180703 092249 11 13 89 15
20180703 092250 16 6 80 10
20180703 092252 18 3 95 9
20180703 092253 19 1 88 5
20180703 092254 17 11 84 10
20180703 092255 21 4 99 9
20180703 092256 17 3 85 8
20180703 092257 15 7 74 16
20180703 092258 19 10 75 10
20180703 092259 14 3 87 6
20180703 092300 16 8 79 8
20180703 092301 14 10 73 9
20180703 092302 17 5 92 15
20180703 092303 26 4 92 13
20180703 092304 7 1 77 5
20180703 092305 18 15 87 8
20180703 092306 20 4 76 15
20180703 092307 16 8 79 11
20180703 092308 14 2 81 1
20180703 092309 8 17 93 9
20180703 092310 14 7 77 6
20180703 092311 12 -2 84 6
20180703 092312 16 3 97 11
20180703 092313 12 3 84 14
20180703 092314 16 10 79 9
20180703 092315 25 8 73 20
20180703 092316 16 9 75 12
20180703 092317 15 4 80 12
20180703 092318 13 7 78 18
20180703 092319 25 12 96 5
20180703 092320 13 1 82 12
20180703 092321 9 1 74 11
20180703 092322 18 -4 94 8
20180703 092323 14 15 77 9
20180703 092324 7 11 79 20
20180703 092325 15 9 84 17
20180703 092326 18 3 73 6
20180703 092327 14 5 78 6
20180703 092328 13 4 82 18
20180703 092329 21 1 88 18
20180703 092330 17 1 76 13
20180703 092332 15 7 81 20
20180703 092333 19 9 89 20
20180703 092334 11 1 81 7
20180703 092335 12 7 74 7
20180703 092336 17 3 79 14
20180703 092337 10 5 84 6
20180703 092338 20 11 79 18
20180703 092339 18 10 95 15
20180703 092340 21 7 84 11
20180703 092341 19 7 88 11
20180703 092342 15 10 83 15
20180703 092343 16 13 81 15
20180703 092344 12 2 81 16
20180703 092345 18 -1 80 14
20180703 092346 14 9 90 8
20180703 092347 15 5 84 14
20180703 092348 17 12 78 6
20180703 092349 16 4 76 12
20180703 092350 14 5 89 18
20180703 092351 24 1 84 8
20180703 092352 10 6 90 8
20180703 092353 17 6 87 3
20180703 092354 12 8 73 13
20180703 092355 18 8 96 22
20180703 092356 19 11 81 12
20180703 092357 22 0 83 14
20180703 092358 23 15 83 19
20180703 092359 20 7 81 2
20180703 092400 12 17 90 15
20180703 092401 18 8 95 11
20180703 092402 21 4 77 7
20180703 092403 13 2 73 13
20180703 092404 19 -1 77 19
20180703 092405 20 1 83 7
20180703 092406 14 8 101 13
20180703 092407 17 7 84 10
20180703 092408 16 5 91 9
20180703 092409 15 -3 75 9
20180703 092410 21 12 100 0
20180703 092412 11 1 86 12
20180703 092413 10 -1 75 11
20180703 092414 24 10 80 2
20180703 092415 12 3 75 16
20180703 092416 17 3 88 10
20180703 092417 20 1 82 11
20180703 092418 6 8 83 9
20180703 092419 12 7 98 7
20180703 092420 22 6 84 10
20180703 092421 13 11 87 6
20180703 092422 27 8 88 12
20180703 092423 12 11 67 8
20180703 092424 11 4 95 11
20180703 092425 14 2 89 8
20180703 092426 17 9 71 20
20180703 092427 26 4 91 6
20180703 092428 11 7 99 8
20180703 092429 13 11 70 17
20180703 092430 8 4 93 10
20180703 092431 15 11 90 19
20180703 092432 17 6 73 11
20180703 092433 14 -3 83 11
20180703 092434 16 5 84 12
20180703 092435 16 4 81 13
20180703 092436 15 8 87 16
20180703 092437 17 5 86 17
20180703 092438 12 10 87 15
20180703 092439 14 8 91 1
20180703 092440 24 7 84 12
20180703 092441 17 3 71 12
20180703 092442 14 6 84 14
20180703 092443 22 6 82 14
20180703 092444 17 5 76 14
20180703 092445 16 1 77 6
20180703 092446 12 10 79 13
20180703 092447 10 0 80 11
20180703 092448 19 6 86 12
20180703 092449 12 3 84 9
20180703 092450 15 5 81 9
20180703 092451 14 10 97 18
20180703 092453 20 9 70 15
20180703 092454 12 3 86 13
20180703 092455 15 5 93 6
20180703 092456 14 10 81 15
20180703 092457 13 -2 83 15
20180703 092458 13 6 77 7
20180703 092459 13 13 99 16
20180703 092500 18 4 86 13
20180703 092501 13 15 92 6
20180703 092502 9 3 75 11
20180703 092503 16 1 75 5
20180703 092504 13 14 89 13
20180703 092505 8 8 79 10
20180703 092506 14 3 83 1
20180703 092507 17 2 90 5
20180703 092508 18 6 68 6
20180703 092509 12 -3 90 23
20180703 092510 16 10 82 14
20180703 092511 19 4 83 17
20180703 092512 5 10 86 16
20180703 092513 17 5 82 2
20180703 092514 21 11 75 13
20180703 092515 16 7 85 9
20180703 092516 19 9 77 10
20180703 092517 12 -2 75 9
20180703 092518 19 3 79 14
20180703 092519 20 -6 79 15
20180703 092520 14 11 90 11
20180703 092521 16 3 84 8
20180703 092522 9 6 88 10
20180703 092523 17 7 78 13
20180703 092524 16 6 91 8
20180703 092525 4 0 75 8
20180703 092526 16 11 85 5
20180703 092527 20 3 89 9
20180703 092528 13 4 80 8
20180703 092529 13 10 88 6
20180703 092530 23 5 89 11
20180703 092531 20 8 82 14
20180703 092533 13 6 89 4
20180703 092534 11 0 88 11
20180703 092535 22 8 87 10
20180703 092536 14 12 77 11
20180703 092537 17 3 78 5
20180703 092538 15 12 89 7
20180703 092539 15 4 84 12
20180703 092540 17 3 76 21
20180703 092541 14 3 72 11
20180703 092542 15 5 90 13
20180703 092543 27 11 78 15
20180703 092544 18 12 77 10
20180703 092545 15 11 81 21
20180703 092546 13 5 92 7
20180703 092547 17 5 84 18
20180703 092548 13 9 81 13
20180703 092549 15 10 92 18
20180703 092550 16 4 80 10
20180703 092551 14 2 85 14
20180703 092552 13 9 80 6
20180703 092553 17 10 73 8
20180703 092554 20 1 86 12
20180703 092555 16 4 77 9
20180703 092556 14 3 89 12
20180703 092557 18 6 85 7
20180703 092558 23 -1 87 4
20180703 092559 17 5 75 13
20180703 092600 16 8 84 12
20180703 092601 12 4 81 6
20180703 092602 7 7 87 16
20180703 092603 17 5 95 16
20180703 092604 9 5 74 10
20180703 092605 18 12 92 14
20180703 092606 8 8 95 7
20180703 092607 8 0 82 9
20180703 092608 19 1 76 16
20180703 092609 22 4 74 2
20180703 092610 21 -4 95 10
20180703 092611 12 17 92 13
20180703 092613 14 11 92 11
20180703 092614 23 10 76 8
20180703 092615 10 5 85 16
20180703 092616 11 2 73 10
20180703 092617 11 3 81 19
20180703 092618 11 12 89 11
20180703 092619 9 9 98 20
20180703 092620 16 1 86 11
20180703 092621 12 2 90 16
20180703 092622 18 5 81 10
20180703 092623 18 5 82 5
20180703 092624 17 5 76 2
20180703 092625 17 2 81 17
20180703 092626 16 12 93 16
20180703 092627 16 4 77 5
20180703 092628 12 2 92 13
20180703 092629 23 -4 76 9
20180703 092630 20 8 71 11
20180703 092631 14 10 89 11
20180703 092632 21 3 78 12
20180703 092633 12 1 80 17
20180703 092634 13 10 74 11
20180703 092635 11 13 94 2
20180703 092636 15 14 80 16
20180703 092637 10 6 103 11
20180703 092638 9 6 76 8
20180703 092639 16 11 85 5
20180703 092640 20 11 90 16
20180703 092641 12 8 89 11
20180703 092642 23 5 88 17
20180703 092643 16 5 83 20
20180703 092644 12 -2 87 12
20180703 092645 22 10 77 13
20180703 092646 14 6 84 18
20180703 092647 9 11 76 11
20180703 092648 14 5 90 10
20180703 092649 17 4 82 18
20180703 092650 20 4 82 7
20180703 092651 18 7 96 17
20180703 092652 9 3 88 10
20180703 092654 18 -3 76 20
20180703 092655 18 8 83 13
20180703 092656 22 7 90 15
20180703 092657 16 11 71 11
20180703 092658 18 6 92 12
20180703 092659 8 9 85 9
20180703 092700 10 -1 82 9
20180703 092701 16 8 85 15
20180703 092702 13 4 71 1
20180703 092703 8 14 82 14
20180703 092704 26 9 87 11
20180703 092705 15 4 92 10
20180703 092706 12 -4 79 10
20180703 092707 15 3 78 11
20180703 092708 13 2 86 15
20180703 092709 22 4 82 16
20180703 092710 17 3 76 17
20180703 092711 15 1 68 9
20180703 092712 10 6 84 6
20180703 092713 22 4 73 5
20180703 092714 17 6 86 7
20180703 092715 17 4 78 20
20180703 092716 23 4 78 13
20180703 092717 15 6 82 11
20180703 092718 14 3 86 12
20180703 092719 17 5 97 16
20180703 092720 11 9 81 11
20180703 092721 16 8 84 13
20180703 092722 15 8 80 10
20180703 092723 16 7 82 7
20180703 092724 7 8 75 14
20180703 092725 10 2 73 8
20180703 092726 16 4 78 15
20180703 092727 21 13 89 9
20180703 092728 9 -3 79 2
20180703 092729 16 8 84 13
20180703 092730 11 2 88 12
20180703 092731 13 7 87 10
20180703 092732 9 10 87 7
20180703 092734 11 0 86 9
20180703 092735 25 5 78 10
20180703 092736 18 4 80 9
20180703 092737 14 6 90 12
20180703 092738 17 2 73 16
20180703 092739 17 9 89 7
20180703 092740 13 2 89 11
20180703 092741 26 6 103 5
20180703 092742 22 8 92 9
20180703 092743 12 2 96 17
20180703 092744 18 15 77 13
20180703 092745 14 2 84 15
20180703 092746 19 2 86 17
20180703 092747 14 8 84 4
20180703 092748 14 12 83 17
20180703 092749 8 5 74 2
20180703 092750 13 8 82 23
20180703 092751 22 1 70 7
20180703 092752 19 5 74 14
20180703 092753 19 7 83 3
20180703 092754 11 6 91 16
20180703 092755 8 11 95 12
20180703 092756 16 6 80 15
20180703 092757 20 17 73 9
20180703 092758 16 7 86 9
20180703 092759 19 3 85 8
20180703 092800 12 4 78 13
20180703 092801 8 4 82 9
20180703 092802 22 7 85 10
20180703 092803 14 13 76 11
20180703 092804 24 3 84 16
20180703 092805 20 8 81 11
20180703 092806 19 4 69 19
20180703 092807 17 10 76 16
20180703 092808 16 3 77 14
20180703 092809 10 2 75 9
20180703 092810 18 5 75 6
20180703 092811 18 4 80 15
20180703 092812 27 6 81 20
20180703 092813 20 13 84 6
20180703 092815 21 10 85 9
20180703 092816 14 0 85 17
20180703 092817 11 5 95 13
20180703 092818 12 5 81 14
20180703 092819 27 11 83 8
20180703 092820 23 5 91 19
20180703 092821 11 3 74 8
20180703 092822 5 11 85 14
20180703 092823 17 1 96 7
20180703 092824 12 8 82 9
20180703 092825 23 10 90 9
20180703 092826 26 5 82 14
20180703 092827 17 15 83 13
20180703 092828 14 9 92 13
20180703 092829 16 -2 88 7
20180703 092830 15 4 83 18
20180703 092831 13 5 83 8
20180703 092832 9 6 83 18
20180703 092833 12 6 100 14
20180703 092834 17 8 67 11
20180703 092835 14 4 90 9
20180703 092836 13 12 78 9
20180703 092837 27 3 76 18
20180703 092838 17 2 76 14
20180703 092839 14 5 86 2
20180703 092840 9 -4 81 15
20180703 092841 12 1 99 13
20180703 092842 12 3 88 10
20180703 092843 11 10 83 17
20180703 092844 13 1 89 6
20180703 092845 15 10 77 15
20180703 092846 16 7 88 12
20180703 092847 13 11 81 5
20180703 092848 13 0 79 16
20180703 092849 20 7 96 15
20180703 092850 25 3 78 16
20180703 092851 17 10 87 11
20180703 092852 9 10 83 4
20180703 092853 20 7 78 3
20180703 092855 16 12 85 3
20180703 092856 18 0 94 3
20180703 092857 23 6 88 17
20180703 092858 22 10 79 10
20180703 092859 20 7 78 13
20180703 092900 11 4 68 11
20180703 092901 18 0 91 8
20180703 092902 20 11 92 16
20180703 092903 17 5 82 17
20180703 092904 14 10 88 9
20180703 092905 19 11 77 11
20180703 092906 16 9 67 14
20180703 092907 17 9 77 15
20180703 092908 9 6 86 10
20180703 092909 15 10 80 13
20180703 092910 15 8 89 12
20180703 092911 21 1 86 13
20180703 092912 15 6 76 12
20180703 092913 11 5 75 8
20180703 092914 11 3 92 1
20180703 092915 14 12 87 14
20180703 092916 16 8 96 7
20180703 092917 18 5 77 6
20180703 092918 13 6 77 19
20180703 092919 14 7 81 9
20180703 092920 20 3 82 10
20180703 092921 13 8 84 12
20180703 092922 16 1 79 15
20180703 092923 20 8 76 8
20180703 092924 22 6 81 14
20180703 092925 17 9 75 6
20180703 092926 10 8 88 12
20180703 092927 9 10 88 10
20180703 092928 12 3 90 15
20180703 092929 18 7 88 9
20180703 092930 27 6 77 14
20180703 092931 7 0 93 12
20180703 092932 25 -2 75 12
20180703 092933 15 4 83 1
20180703 092934 15 6 81 10
20180703 092936 20 8 79 11
20180703 092937 16 0 81 5
20180703 092938 24 4 88 0
20180703 092939 17 9 83 14
20180703 092940 18 9 93 8
20180703 092941 13 4 77 10
20180703 092942 15 2 81 3
20180703 092943 17 -1 88 7
20180703 092944 8 0 84 9
20180703 092945 16 7 85 13
20180703 092946 19 7 80 11
20180703 092947 11 6 87 14
20180703 092948 18 1 77 8
20180703 092949 12 3 80 8
20180703 092950 21 4 80 19
20180703 092951 11 16 85 12
20180703 092952 12 15 69 16
20180703 092953 24 1 79 11
20180703 092954 15 4 71 7
20180703 092955 14 7 71 19
20180703 092956 16 4 93 19
20180703 092957 24 5 84 16
20180703 092958 8 6 79 9
20180703 092959 13 9 85 4
20180703 093000 15 4 80 11
20180703 093001 6 11 80 10
20180703 093002 12 3 87 15
20180703 093003 11 -1 66 9
20180703 093004 21 11 81 7
20180703 093005 17 7 73 2
20180703 093006 25 14 78 11
20180703 093007 20 7 97 17
20180703 093008 8 8 80 22
20180703 093009 13 7 81 11
20180703 093010 17 1 82 13
20180703 093011 11 -2 73 16
20180703 093012 24 7 72 11
20180703 093013 13 3 78 17
20180703 093014 14 5 83 7
20180703 093015 13 5 89 8
20180703 093017 18 4 81 19
20180703 093018 15 9 88 12
20180703 093019 9 8 81 12
20180703 093020 19 7 90 3
20180703 093021 12 12 80 4
20180703 093022 9 6 82 14
20180703 093023 15 1 88 13
20180703 093024 15 -2 73 17
20180703 093025 7 2 81 4
20180703 093026 17 0 87 11
20180703 093027 8 6 75 5
20180703 093028 14 6 86 18
20180703 093029 16 5 83 17
20180703 093030 17 9 84 13
20180703 093031 13 3 72 1
20180703 093032 12 9 76 6
20180703 093033 14 8 77 11
20180703 093034 19 -1 82 16
20180703 093035 18 1 85 13
20180703 093036 22 13 83 10
20180703 093037 14 4 84 15
20180703 093038 14 4 88 4
20180703 093039 21 4 87 9
20180703 093040 14 -1 90 7
20180703 093041 13 0 78 18
20180703 093042 23 10 88 5
20180703 093043 20 5 74 20
20180703 093044 13 11 100 13
20180703 093045 10 7 91 14
20180703 093046 19 5 75 10
20180703 093047 13 2 85 17
20180703 093048 19 4 80 6
20180703 093049 8 5 81 8
20180703 093050 16 4 83 13
20180703 093051 20 4 88 6
20180703 093052 8 12 76 7
20180703 093053 26 7 80 16
20180703 093054 14 14 95 9
20180703 093055 17 13 78 8
20180703 093057 15 9 77 6
20180703 093058 15 2 87 5
20180703 093059 26 6 80 10
20180703 093100 15 10 80 11
20180703 093101 11 0 90 11
20180703 093102 17 8 78 10
20180703 093103 12 2 88 3
20180703 093104 20 3 81 14
20180703 093105 22 5 85 8
20180703 093106 11 -2 82 9
20180703 093107 15 1 74 19
20180703 093108 13 8 74 17
20180703 093109 16 7 89 16
20180703 093110 19 8 89 8
20180703 093111 18 -1 87 10
20180703 093112 14 1 82 20
20180703 093113 19 8 75 11
20180703 093114 21 12 76 9
20180703 093115 23 4 89 18
20180703 093116 24 -4 83 15
20180703 093117 13 2 91 14
20180703 093118 19 7 97 15
20180703 093119 11 5 88 13
20180703 093120 8 10 79 13
20180703 093121 17 2 96 21
20180703 093122 23 4 87 18
20180703 093123 15 7 75 7
20180703 093124 13 4 85 8
20180703 093125 21 0 93 15
20180703 093126 16 10 78 15
20180703 093127 25 8 79 10
20180703 093128 11 9 85 12
20180703 093129 14 3 85 13
20180703 093130 18 1 97 14
20180703 093131 11 -1 82 12
20180703 093132 18 5 76 10
20180703 093133 10 1 84 7
20180703 093134 20 5 89 8
20180703 093135 15 3 77 9
20180703 093136 9 7 87 6
20180703 093138 15 7 69 10
20180703 093139 13 0 76 16
20180703 093140 24 15 83 9
20180703 093141 13 4 80 3
20180703 093142 11 -2 87 7
20180703 093143 7 5 79 17
20180703 093144 16 4 82 14
20180703 093145 9 10 91 11
20180703 093146 15 1 83 11
20180703 093147 17 15 74 10
20180703 093148 13 9 77 8
20180703 093149 18 4 86 17
20180703 093150 10 6 69 12
20180703 093151 17 9 69 10
20180703 093152 12 6 79 17
20180703 093153 9 2 85 12
20180703 093154 11 5 78 13
20180703 093155 22 3 87 9
20180703 093156 10 -2 78 6
20180703 093157 20 -1 83 13
20180703 093158 23 12 89 15
20180703 093159 8 -1 86 13
20180703 093200 20 1 84 13
20180703 093201 14 -1 84 4
20180703 093202 12 3 84 8
20180703 093203 20 9 89 11
20180703 093204 12 5 93 6
20180703 093205 14 6 81 19
20180703 093206 12 4 88 9
20180703 093207 16 9 85 7
20180703 093208 20 2 85 17
20180703 093209 10 1 91 5
20180703 093210 16 12 85 9
20180703 093211 12 3 85 10
20180703 093212 23 10 77 13
20180703 093213 16 9 81 10
20180703 093214 8 1 84 6
20180703 093215 19 3 87 18
20180703 093216 10 4 100 8
20180703 093218 18 8 87 14
20180703 093219 17 7 79 17
20180703 093220 17 5 91 10
20180703 093221 14 9 92 8
20180703 093222 19 3 80 14
20180703 093223 18 2 81 13
20180703 093224 25 7 69 9
20180703 093225 20 2 82 22
20180703 093226 16 6 81 8
20180703 093227 12 11 84 8
20180703 093228 17 5 76 15
20180703 093229 15 6 68 15
20180703 093230 21 7 92 6
20180703 093231 12 17 77 11
20180703 093232 14 7 94 10
20180703 093233 12 8 88 7
20180703 093234 22 7 76 22
20180703 093235 21 14 93 9
20180703 093236 10 11 95 6
20180703 093237 20 9 96 14
20180703 093238 23 -1 81 16
20180703 093239 18 9 86 11
20180703 093240 14 11 77 4
20180703 093241 13 5 83 8
20180703 093242 17 0 87 17
20180703 093243 21 9 80 11
20180703 093244 22 4 82 13
20180703 093245 14 7 78 11
20180703 093246 20 10 77 7
20180703 093247 11 15 87 6
20180703 093248 13 10 74 3
20180703 093249 15 8 83 11
20180703 093250 15 4 85 11
20180703 093251 12 -4 85 9
20180703 093252 21 7 88 12
20180703 093253 19 9 75 14
20180703 093254 11 2 85 14
20180703 093255 19 0 80 10
20180703 093256 19 5 79 6
20180703 093257 14 3 96 19
20180703 093259 13 8 80 11
20180703 093300 10 7 77 9
20180703 093301 23 14 80 8
20180703 093302 14 8 76 15
20180703 093303 10 7 95 13
20180703 093304 14 4 92 9
20180703 093305 21 6 89 10
20180703 093306 8 -2 79 20
20180703 093307 19 9 74 15
20180703 093308 22 3 80 14
20180703 093309 19 5 79 3
20180703 093310 19 2 76 9
20180703 093311 13 8 84 17
20180703 093312 9 7 85 11
20180703 093313 15 2 92 10
20180703 093314 20 4 85 2
20180703 093315 14 8 84 19
20180703 093316 17 12 77 12
20180703 093317 20 11 98 13
20180703 093318 18 9 77 6
20180703 093319 10 3 94 16
20180703 093320 16 2 95 9
20180703 093321 17 7 89 5
20180703 093322 3 8 86 11
20180703 093323 10 5 73 4
20180703 093324 22 6 88 15
20180703 093325 13 7 72 8
20180703 093326 17 1 77 15
20180703 093327 18 7 96 2
20180703 093328 12 2 91 7
20180703 093329 20 16 87 21
20180703 093330 11 2 80 10
20180703 093331 16 11 90 5
20180703 093332 11 6 87 10
20180703 093333 14 1 73 8
20180703 093334 20 7 77 12
20180703 093335 17 7 79 10
20180703 093336 17 9 76 9
20180703 093337 9 8 90 22
20180703 093339 14 2 82 9
20180703 093340 22 5 80 15
20180703 093341 16 4 91 18
20180703 093342 17 -2 91 14
20180703 093343 18 -1 77 8
20180703 093344 19 8 84 11
20180703 093345 18 0 84 11
20180703 093346 13 7 83 10
20180703 093347 12 4 89 16
20180703 093348 17 9 77 11
20180703 093349 11 3 73 15
20180703 093350 16 11 90 9
20180703 093351 18 9 81 8
20180703 093352 18 5 80 8
20180703 093353 17 1 78 12
20180703 093354 16 -1 82 7
20180703 093355 22 1 74 11
20180703 093356 17 2 79 9
20180703 093357 14 0 99 16
20180703 093358 15 2 86 16
20180703 093359 17 9 78 20
20180703 093400 22 4 75 11
20180703 093401 13 4 83 18
20180703 093402 20 12 79 17
20180703 093403 16 9 70 17
20180703 093404 19 8 95 7
20180703 093405 12 3 83 14
20180703 093406 13 1 91 12
20180703 093407 15 5 78 11
20180703 093408 10 -2 85 11
20180703 093409 9 7 84 11
20180703 093410 9 7 86 10
20180703 093411 8 9 74 4
20180703 093412 24 9 82 6
20180703 093413 18 4 88 11
20180703 093414 12 -2 74 13
20180703 093415 13 3 88 4
20180703 093416 20 13 91 7
20180703 093417 17 2 81 14
20180703 093418 19 9 80 5
20180703 093420 15 6 85 11
20180703 093421 23 14 76 10
20180703 093422 16 10 90 4
20180703 093423 25 10 100 9
20180703 093424 23 1 87 17
20180703 093425 20 9 86 13
20180703 093426 15 6 79 17
20180703 093427 22 9 88 15
20180703 093428 24 2 83 6
20180703 093429 11 12 77 6
20180703 093430 9 2 79 4
20180703 093431 11 3 81 13
20180703 093432 18 16 89 17
20180703 093433 8 2 79 10
20180703 093434 16 3 77 12
20180703 093435 13 5 79 5
20180703 093436 15 6 94 12
20180703 093437 11 5 79 13
20180703 093438 12 3 91 12
20180703 093439 19 2 78 10
20180703 093440 13 3 87 14
20180703 093441 15 7 85 9
20180703 093442 15 6 86 8
20180703 093443 18 -1 90 13
20180703 093444 15 7 85 18
20180703 093445 16 8 86 18
20180703 093446 8 11 92 9
20180703 093447 13 5 79 12
20180703 093448 16 6 72 13
20180703 093449 18 -2 71 8
20180703 093450 7 11 79 12
20180703 093451 11 7 84 13
20180703 093452 17 4 85 12
20180703 093453 8 -2 76 13
20180703 093454 12 5 76 7
20180703 093455 13 15 75 4
20180703 093456 10 -3 76 14
20180703 093457 16 7 86 6
20180703 093458 14 8 86 14
20180703 093459 12 3 82 8
20180703 093501 9 11 85 13
20180703 093502 17 9 70 10
20180703 093503 14 8 83 8
20180703 093504 17 6 75 13
20180703 093505 17 9 81 6
20180703 093506 19 12 96 12
20180703 093507 15 3 84 12
20180703 093508 7 7 93 6
20180703 093509 21 5 86 15
20180703 093510 17 8 77 15
20180703 093511 5 10 88 13
20180703 093512 16 3 79 12
20180703 093513 12 9 73 11
20180703 093514 18 8 88 16
20180703 093515 18 6 82 2
20180703 093516 14 7 75 14
20180703 093517 15 9 72 12
20180703 093518 13 4 78 8
20180703 093519 22 8 85 13
20180703 093520 18 8 75 18
20180703 093521 14 6 90 11
20180703 093522 12 10 78 8
20180703 093523 16 6 87 13
20180703 093524 15 -2 89 9
20180703 093525 13 0 85 13
20180703 093526 22 4 83 14
20180703 093527 20 6 79 10
20180703 093528 12 9 79 11
20180703 093529 23 0 86 18
20180703 093530 10 3 80 8
20180703 093531 16 4 84 5
20180703 093532 8 0 83 11
20180703 093533 9 2 89 15
20180703 093534 13 0 92 12
20180703 093535 21 4 78 10
20180703 093536 14 5 89 11
20180703 093537 15 4 76 16
20180703 093538 22 12 85 5
20180703 093539 18 7 91 8
20180703 093541 19 7 81 10
20180703 093542 12 3 79 1
20180703 093543 21 0 89 12
20180703 093544 15 4 83 5
20180703 093545 16 -4 72 10
20180703 093546 14 3 86 16
20180703 093547 20 4 82 15
20180703 093548 9 3 84 4
20180703 093549 11 -1 76 7
20180703 093550 10 0 96 17
20180703 093551 6 9 97 13
20180703 093552 12 1 87 8
20180703 093553 13 3 77 9
20180703 093554 12 5 70 17
20180703 093555 18 2 91 9
20180703 093556 17 5 76 11
20180703 093557 16 -1 73 12
20180703 093558 22 8 90 10
20180703 093559 13 -1 97 11
20180703 093600 17 2 80 10
20180703 093601 18 10 82 8
20180703 093602 13 5 81 13
20180703 093603 11 -1 72 12
20180703 093604 13 7 83 15
20180703 093605 10 3 68 11
20180703 093606 18 5 89 14
20180703 093607 15 -2 78 14
20180703 093608 16 12 77 14
20180703 093609 25 10 87 7
20180703 093610 18 5 81 9
20180703 093611 18 2 73 12
20180703 093612 24 -1 86 12
20180703 093613 16 5 88 9
20180703 093614 15 6 83 16
20180703 093615 22 7 85 12
20180703 093616 14 5 84 18
20180703 093617 15 4 75 15
20180703 093618 11 11 77 15
20180703 093619 8 1 90 6
20180703 093620 15 5 82 16
20180703 093622 18 11 76 8
20180703 093623 17 2 88 7
20180703 093624 12 11 79 17
20180703 093625 9 3 73 15
20180703 093626 10 6 76 12
20180703 093627 19 7 85 12
20180703 093628 20 6 71 9
20180703 093629 14 2 86 16
20180703 093630 11 7 101 11
20180703 093631 21 -2 88 16
20180703 093632 18 4 88 10
20180703 093633 22 -1 90 11
20180703 093634 20 4 76 7
20180703 093635 14 1 85 10
20180703 093636 14 11 88 13
20180703 093637 17 -3 86 4
20180703 093638 14 8 74 11
20180703 093639 12 12 89 10
20180703 093640 15 4 82 7
20180703 093641 27 4 80 12
20180703 093642 15 4 78 15
20180703 093643 20 11 74 8
20180703 093644 25 8 92 14
20180703 093645 5 11 100 9
20180703 093646 11 6 76 10
20180703 093647 11 6 78 10
20180703 093648 23 8 92 17
20180703 093649 18 8 82 17
20180703 093650 12 6 90 11
20180703 093651 21 8 80 11
20180703 093652 10 5 87 12
20180703 093653 11 5 84 13
20180703 093654 14 5 84 12
20180703 093655 27 6 73 17
20180703 093656 8 9 73 15
20180703 093657 11 1 80 15
20180703 093658 19 1 88 12
20180703 093659 15 6 86 15
20180703 093700 17 6 78 14
20180703 093702 7 8 80 8
20180703 093703 20 7 79 7
20180703 093704 20 0 78 7
20180703 093705 13 1 76 17
20180703 093706 20 -3 85 6
20180703 093707 7 7 75 13
20180703 093708 12 -1 81 18
20180703 093709 21 4 90 14
20180703 093710 12 2 89 13
20180703 093711 16 0 73 17
20180703 093712 12 7 80 14
20180703 093713 18 10 92 9
20180703 093714 18 5 69 11
20180703 093715 21 4 83 16
20180703 093716 23 7 90 17
20180703 093717 18 4 98 17
20180703 093718 12 7 86 12
20180703 093719 15 5 87 6
20180703 093720 18 4 83 10
20180703 093721 13 11 85 7
20180703 093722 14 3 81 12
20180703 093723 14 4 82 15
20180703 093724 11 8 76 9
20180703 093725 17 8 73 8
20180703 093726 11 3 90 14
20180703 093727 13 11 95 18
20180703 093728 15 1 87 7
20180703 093729 11 -2 86 16
20180703 093730 17 3 93 10
20180703 093731 12 6 76 3
20180703 093732 12 0 74 7
20180703 093733 23 0 75 9
20180703 093734 13 2 98 8
20180703 093735 15 5 80 9
20180703 093736 12 9 97 13
20180703 093737 15 5 91 4
20180703 093738 12 6 80 9
20180703 093739 10 5 77 14
20180703 093740 11 10 89 20
20180703 093741 15 7 76 12
20180703 093743 21 7 68 17
20180703 093744 15 3 91 14
20180703 093745 14 8 86 13
20180703 093746 15 0 90 9
20180703 093747 23 6 73 17
20180703 093748 9 1 81 18
20180703 093749 17 5 78 9
20180703 093750 17 2 90 11
20180703 093751 18 6 88 7
20180703 093752 12 5 80 15
20180703 093753 16 1 89 10
20180703 093754 10 5 96 10
20180703 093755 17 2 90 19
20180703 093756 11 7 90 6
20180703 093757 17 4 84 10
20180703 093758 19 1 79 9
20180703 093759 13 8 80 8
20180703 093800 13 5 86 11
20180703 093801 19 4 80 9
20180703 093802 10 2 81 14
20180703 093803 15 -2 77 13
20180703 093804 12 2 86 19
20180703 093805 10 2 88 10
20180703 093806 19 9 94 17
20180703 093807 13 8 84 14
20180703 093808 22 -1 88 12
20180703 093809 9 5 74 12
20180703 093810 23 11 89 10
20180703 093811 16 5 81 18
20180703 093812 14 4 98 14
20180703 093813 12 2 82 11
20180703 093814 5 5 78 13
20180703 093815 16 0 87 18
20180703 093816 13 11 78 16
20180703 093817 22 9 98 11
20180703 093818 18 9 97 11
20180703 093819 12 10 93 12
20180703 093820 14 2 78 19
20180703 093821 18 3 76 9
20180703 093823 13 3 92 12
20180703 093824 19 2 71 14
20180703 093825 20 5 89 8
20180703 093826 12 -2 76 6
20180703 093827 14 17 89 16
20180703 093828 26 1 70 12
20180703 093829 18 10 84 14
20180703 093830 9 1 95 7
20180703 093831 21 9 88 7
20180703 093832 16 -2 88 14
20180703 093833 12 1 77 15
20180703 093834 14 8 80 6
20180703 093835 19 3 73 7
20180703 093836 18 8 81 18
20180703 093837 13 6 80 9
20180703 093838 17 5 89 13
20180703 093839 20 1 81 13
20180703 093840 13 6 78 11
20180703 093841 19 0 71 7
20180703 093842 22 -3 86 7
20180703 093843 14 5 78 17
20180703 093844 20 8 82 5
20180703 093845 24 6 94 11
20180703 093846 17 5 90 12
20180703 093847 16 8 81 10
20180703 093848 17 6 78 9
20180703 093849 13 15 78 8
20180703 093850 11 4 98 13
20180703 093851 14 4 88 10
20180703 093852 12 3 86 9
20180703 093853 17 3 76 12
20180703 093854 13 4 86 13
20180703 093855 17 2 91 14
20180703 093856 17 4 72 13
20180703 093857 19 2 76 17
20180703 093858 17 7 86 11
20180703 093859 21 4 83 7
20180703 093900 20 -1 72 18
20180703 093901 25 4 95 15
20180703 093902 18 8 85 17
20180703 093904 25 9 82 15
20180703 093905 14 9 87 10
20180703 093906 22 3 80 9
20180703 093907 17 7 88 7
20180703 093908 21 9 85 8
20180703 093909 13 -2 82 13
20180703 093910 20 5 89 15
20180703 093911 17 4 76 12
20180703 093912 19 4 92 16
20180703 093913 14 0 78 14
20180703 093914 20 10 92 12
20180703 093915 15 2 90 5
20180703 093916 12 9 92 14
20180703 093917 15 6 82 8
20180703 093918 12 0 80 17
20180703 093919 13 3 81 7
20180703 093920 15 2 81 11
20180703 093921 24 7 91 11
20180703 093922 26 12 82 11
20180703 093923 15 11 79 4
20180703 093924 18 9 82 17
20180703 093925 20 7 81 11
20180703 093926 16 3 77 18
20180703 093927 19 -2 93 9
20180703 093928 18 4 80 14
20180703 093929 19 6 82 9
20180703 093930 25 1 81 8
20180703 093931 15 -1 83 9
20180703 093932 11 6 77 7
20180703 093933 14 7 75 13
20180703 093934 21 3 85 12
20180703 093935 10 3 98 7
20180703 093936 17 6 78 12
20180703 093937 12 11 69 17
20180703 093938 26 7 81 16
20180703 093939 17 4 81 15
20180703 093940 10 8 90 10
20180703 093941 18 5 87 15
20180703 093942 20 12 94 14
20180703 093943 18 -1 88 5
20180703 093945 23 12 70 18
20180703 093946 12 2 76 11
20180703 093947 15 5 90 4
20180703 093948 11 15 78 15
20180703 093949 14 8 78 17
20180703 093950 11 7 85 12
20180703 093951 19 16 80 10
20180703 093952 20 1 80 6
20180703 093953 15 2 81 11
20180703 093954 18 0 82 14
20180703 093955 16 0 92 8
20180703 093956 10 6 77 10
20180703 093957 16 7 86 6
20180703 093958 18 7 84 8
20180703 093959 19 6 82 17
20180703 094000 15 9 80 13
20180703 094001 11 9 88 14
20180703 094002 13 5 84 8
20180703 094003 18 7 88 20
20180703 094004 12 8 92 14
20180703 094005 15 5 90 17
20180703 094006 13 -1 72 10
20180703 094007 4 7 82 7
20180703 094008 17 12 83 16
20180703 094009 17 4 87 14
20180703 094010 16 5 86 5
20180703 094011 19 4 74 12
20180703 094012 23 6 90 8
20180703 094013 16 4 80 3
20180703 094014 12 10 80 9
20180703 094015 8 6 67 8
20180703 094016 14 -1 97 16
20180703 094017 15 6 90 9
20180703 094018 23 6 77 11
20180703 094019 18 4 92 5
20180703 094020 11 3 81 18
20180703 094021 23 4 91 2
20180703 094022 13 4 77 14
20180703 094023 22 -2 75 11
20180703 094025 16 -3 86 5
20180703 094026 5 4 88 8
20180703 094027 21 5 93 7
20180703 094028 13 0 84 20
20180703 094029 16 4 80 13
20180703 094030 17 4 92 14
20180703 094031 15 0 78 12
20180703 094032 14 8 87 8
20180703 094033 18 13 96 12
20180703 094034 11 12 84 6
20180703 094035 14 10 87 10
20180703 094036 15 10 79 13
20180703 094037 17 1 81 16
20180703 094038 21 2 83 12
20180703 094039 16 0 90 3
20180703 094040 19 6 91 8
20180703 094041 9 5 83 9
20180703 094042 18 8 97 12
20180703 094043 11 12 81 15
20180703 094044 18 6 74 12
20180703 094045 17 1 91 20
20180703 094046 15 1 80 7
20180703 094047 14 13 87 7
20180703 094048 16 8 78 19
20180703 094049 16 2 73 12
20180703 094050 15 5 87 14
20180703 094051 17 0 79 10
20180703 094052 16 8 80 17
20180703 094053 15 6 74 15
20180703 094054 14 6 91 10
20180703 094055 18 6 81 17
20180703 094056 20 11 79 6
20180703 094057 13 4 86 11
20180703 094058 15 8 78 9
20180703 094059 17 10 94 16
20180703 094100 10 4 89 18
20180703 094101 18 -3 77 6
20180703 094102 14 6 88 8
20180703 094103 23 10 76 7
20180703 094104 17 10 81 10
20180703 094106 6 3 76 11
20180703 094107 23 4 93 12
20180703 094108 22 4 74 23
20180703 094109 15 5 77 17
20180703 094110 23 3 79 6
20180703 094111 17 1 90 9
20180703 094112 17 -2 75 15
20180703 094113 15 9 90 18
20180703 094114 20 6 87 11
20180703 094115 16 2 97 6
20180703 094116 17 1 82 13
20180703 094117 24 0 90 14
20180703 094118 22 10 82 8
20180703 094119 14 9 80 14
20180703 094120 19 -3 77 12
20180703 094121 20 7 82 17
20180703 094122 21 7 85 16
20180703 094123 27 5 79 6
20180703 094124 15 5 72 6
20180703 094125 12 3 80 10
20180703 094126 12 6 84 8
20180703 094127 6 4 92 6
20180703 094128 13 3 81 10
20180703 094129 22 7 86 16
20180703 094130 18 5 80 8
20180703 094131 18 -5 76 9
20180703 094132 14 11 71 7
20180703 094133 14 5 79 5
20180703 094134 15 3 74 15
20180703 094135 11 12 79 3
20180703 094136 18 -1 83 12
20180703 094137 24 6 73 3
20180703 094138 6 4 86 14
20180703 094139 13 1 72 7
20180703 094140 14 9 76 17
20180703 094141 19 2 86 13
20180703 094142 15 -1 89 10
20180703 094143 17 1 82 8
20180703 094144 21 10 75 11
20180703 094145 11 4 81 15
20180703 094147 12 3 87 13
20180703 094148 15 7 82 3
20180703 094149 9 8 77 11
20180703 094150 18 5 92 6
20180703 094151 11 8 96 13
20180703 094152 13 8 84 13
20180703 094153 19 7 87 10
20180703 094154 15 3 90 6
20180703 094155 12 12 86 15
20180703 094156 6 6 93 7
20180703 094157 5 4 86 14
20180703 094158 10 3 72 10
20180703 094159 12 1 87 16
20180703 094200 9 9 80 13
20180703 094201 23 8 81 4
20180703 094202 14 0 76 9
20180703 094203 14 1 80 10
20180703 094204 5 4 84 5
20180703 094205 11 2 85 7
20180703 094206 10 9 82 9
20180703 094207 11 15 88 11
20180703 094208 6 7 87 8
20180703 094209 11 0 77 13
20180703 094210 22 4 86 19
20180703 094211 14 4 91 14
20180703 094212 20 10 81 4
20180703 094213 23 5 75 13
20180703 094214 10 7 84 14
20180703 094215 16 5 91 14
20180703 094216 11 7 77 12
20180703 094217 18 -1 83 7
20180703 094218 13 14 91 10
20180703 094219 19 8 83 13
20180703 094220 22 2 86 13
20180703 094221 13 4 92 15
20180703 094222 9 8 87 7
20180703 094223 18 12 88 13
20180703 094224 20 2 69 16
20180703 094225 17 7 86 8
20180703 094227 17 2 87 14
20180703 094228 15 5 80 3
20180703 094229 17 -1 95 7
20180703 094230 18 0 85 14
20180703 094231 14 7 72 10
20180703 094232 7 5 92 10
20180703 094233 11 3 72 10
20180703 094234 13 5 88 12
20180703 094235 20 7 78 18
20180703 094236 20 7 76 13
20180703 094237 11 16 74 17
20180703 094238 10 3 90 5
20180703 094239 14 -5 80 7
20180703 094240 14 3 77 15
20180703 094241 13 0 87 9
20180703 094242 15 3 79 13
20180703 094243 16 4 85 3
20180703 094244 15 8 84 11
20180703 094245 18 8 80 13
20180703 094246 12 12 77 12
20180703 094247 15 10 75 7
20180703 094248 20 9 85 11
20180703 094249 16 5 89 14
20180703 094250 21 8 84 10
20180703 094251 17 7 85 9
20180703 094252 15 11 84 7
20180703 094253 17 8 93 6
20180703 094254 16 10 94 15
20180703 094255 15 7 83 6
20180703 094256 18 9 74 3
20180703 094257 10 8 79 14
20180703 094258 13 2 90 5
20180703 094259 11 -1 82 12
20180703 094300 14 4 88 13
20180703 094301 11 7 74 19
20180703 094302 9 11 96 8
20180703 094303 15 4 84 9
20180703 094304 13 6 70 1
20180703 094305 17 10 81 13
20180703 094306 25 8 87 12
20180703 094308 29 -1 87 7
20180703 094309 21 -1 86 8
20180703 094310 15 9 86 11
20180703 094311 18 5 95 14
20180703 094312 16 7 85 14
20180703 094313 25 12 68 11
20180703 094314 11 14 82 12
20180703 094315 12 10 81 4
20180703 094316 18 7 81 11
20180703 094317 11 -1 85 12
20180703 094318 15 9 80 8
20180703 094319 13 11 73 13
20180703 094320 15 11 83 10
20180703 094321 15 6 76 8
20180703 094322 10 -5 79 13
20180703 094323 22 10 94 13
20180703 094324 17 9 80 8
20180703 094325 15 7 93 14
20180703 094326 14 8 89 3
20180703 094327 15 4 86 9
20180703 094328 14 -4 77 13
20180703 094329 11 6 81 5
20180703 094330 25 2 76 12
20180703 094331 13 8 86 11
20180703 094332 17 11 88 3
20180703 094333 18 11 77 6
20180703 094334 15 7 79 4
20180703 094335 16 4 74 5
20180703 094336 10 7 76 4
20180703 094337 10 17 78 15
20180703 094338 17 2 73 12
20180703 094339 20 4 70 9
20180703 094340 7 9 86 23
20180703 094341 10 5 94 8
20180703 094342 15 11 80 13
20180703 094343 14 6 72 12
20180703 094344 9 10 72 16
20180703 094345 15 4 74 7
20180703 094346 14 -1 70 12
20180703 094348 22 7 81 19
20180703 094349 15 5 79 8
20180703 094350 7 5 84 21
20180703 094351 24 7 76 15
20180703 094352 15 2 74 14
20180703 094353 19 7 88 22
20180703 094354 14 12 80 16
20180703 094355 24 9 73 11
20180703 094356 14 1 98 12
20180703 094357 18 0 80 14
20180703 094358 11 8 98 21
20180703 094359 12 2 85 12
20180703 094400 21 5 79 11
20180703 094401 21 10 77 15
20180703 094402 8 10 86 15
20180703 094403 14 -1 81 5
20180703 094404 19 5 87 5
20180703 094405 10 4 80 11
20180703 094406 10 0 80 2
20180703 094407 9 1 81 17
20180703 094408 16 1 88 1
20180703 094409 16 -2 82 6
20180703 094410 25 2 82 7
20180703 094411 25 8 79 6
20180703 094412 15 -3 74 14
20180703 094413 17 -2 86 16
20180703 094414 13 4 89 14
20180703 094415 12 13 82 13
20180703 094416 21 0 83 7
20180703 094417 16 -2 81 4
20180703 094418 19 14 90 15
20180703 094419 13 9 85 12
20180703 094420 16 4 74 11
20180703 094421 16 4 72 10
20180703 094422 12 2 73 10
20180703 094423 17 6 94 18
20180703 094424 17 0 86 12
20180703 094425 13 7 94 5
20180703 094426 14 5 82 12
20180703 094427 15 2 87 6
20180703 094429 16 5 79 13
20180703 094430 18 5 76 7
20180703 094431 15 0 95 8
20180703 094432 14 4 90 11
20180703 094433 21 5 76 18
20180703 094434 17 -2 78 10
20180703 094435 12 -2 96 17
20180703 094436 19 11 72 11
20180703 094437 12 1 86 8
20180703 094438 18 4 91 10
20180703 094439 10 10 80 13
20180703 094440 23 2 76 9
20180703 094441 22 2 91 7
20180703 094442 16 4 82 5
20180703 094443 11 10 85 5
20180703 094444 15 6 93 15
20180703 094445 16 10 90 7
20180703 094446 16 12 89 13
20180703 094447 26 12 91 12
20180703 094448 19 5 87 13
20180703 094449 21 6 91 16
20180703 094450 15 5 81 15
20180703 094451 12 5 86 1
20180703 094452 14 3 85 11
20180703 094453 16 16 86 7
20180703 094454 10 5 80 9
20180703 094455 17 2 87 15
20180703 094456 22 9 75 6
20180703 094457 7 0 81 12
20180703 094458 15 5 72 21
20180703 094459 19 9 81 10
20180703 094500 13 10 88 17
20180703 094501 19 6 84 9
20180703 094502 21 5 85 13
20180703 094503 12 5 80 18
20180703 094504 13 2 93 10
20180703 094505 17 6 73 5
20180703 094506 17 8 75 11
20180703 094507 13 6 76 13
20180703 094509 10 8 80 16
20180703 094510 15 2 74 9
20180703 094511 19 10 83 15
20180703 094512 13 12 80 4
20180703 094513 16 15 100 9
20180703 094514 23 8 78 11
20180703 094515 7 8 83 6
20180703 094516 12 12 77 11
20180703 094517 20 4 95 15
20180703 094518 20 -2 85 17
20180703 094519 14 -1 87 17
20180703 094520 13 3 79 17
20180703 094521 19 8 80 13
20180703 094522 22 8 78 9
20180703 094523 16 11 83 17
20180703 094524 15 12 87 7
20180703 094525 15 -3 85 14
20180703 094526 16 5 88 7
20180703 094527 19 4 76 12
20180703 094528 15 3 70 19
20180703 094529 18 6 83 9
20180703 094530 16 3 80 17
20180703 094531 29 4 82 18
20180703 094532 17 -1 88 21
20180703 094533 20 2 92 10
20180703 094534 20 11 89 14
20180703 094535 25 2 88 17
20180703 094536 9 7 82 12
20180703 094537 12 13 87 16
20180703 094538 13 5 74 8
20180703 094539 11 1 83 17
20180703 094540 14 3 84 9
20180703 094541 20 2 74 10
20180703 094542 18 7 76 17
20180703 094543 12 3 86 8
20180703 094544 17 0 94 6
20180703 094545 4 -4 85 10
20180703 094546 16 8 89 8
20180703 094547 11 9 79 24
20180703 094548 14 -1 77 10
20180703 094550 22 6 84 18
20180703 094551 16 6 81 18
20180703 094552 15 2 73 15
20180703 094553 12 0 92 4
20180703 094554 13 4 94 8
20180703 094555 7 13 76 11
20180703 094556 16 8 90 18
20180703 094557 12 5 86 8
20180703 094558 13 5 82 11
20180703 094559 10 6 74 12
20180703 094600 14 13 86 5
20180703 094601 22 3 73 11
20180703 094602 17 7 83 18
20180703 094603 9 10 74 9
20180703 094604 13 1 76 18
20180703 094605 14 8 70 18
20180703 094606 11 3 95 10
20180703 094607 18 6 71 17
20180703 094608 13 6 76 13
20180703 094609 16 1 82 17
20180703 094610 9 3 78 10
20180703 094611 17 4 71 17
20180703 094612 16 -4 79 15
20180703 094613 11 10 78 12
20180703 094614 22 7 80 13
20180703 094615 15 0 79 15
20180703 094616 12 5 74 14
20180703 094617 18 11 84 9
20180703 094618 16 13 72 9
20180703 094619 26 4 97 17
20180703 094620 13 11 83 11
20180703 094621 26 -3 85 12
20180703 094622 15 6 83 7
20180703 094623 11 7 89 14
20180703 094624 14 3 76 8
20180703 094625 19 1 78 15
20180703 094626 22 4 96 10
20180703 094627 11 7 76 18
20180703 094628 16 8 78 9
20180703 094629 23 -2 89 4
20180703 094631 11 1 96 11
20180703 094632 18 0 81 6
20180703 094633 13 8 78 12
20180703 094634 16 5 85 8
20180703 094635 10 3 79 8
20180703 094636 14 3 100 11
20180703 094637 20 5 80 11
20180703 094638 11 4 81 7
20180703 094639 19 1 83 12
20180703 094640 14 6 82 13
20180703 094641 18 12 72 12
20180703 094642 15 7 76 11
20180703 094643 15 7 71 14
20180703 094644 12 7 80 15
20180703 094645 20 13 76 11
20180703 094646 24 13 79 11
20180703 094647 14 11 84 6
20180703 094648 12 9 92 13
20180703 094649 17 8 71 3
20180703 094650 19 8 80 12
20180703 094651 7 11 92 10
20180703 094652 13 12 83 8
20180703 094653 13 4 76 8
20180703 094654 17 -2 82 16
20180703 094655 11 9 81 9
20180703 094656 15 9 84 18
20180703 094657 12 4 78 13
20180703 094658 7 13 77 14
20180703 094659 21 3 82 14
20180703 094700 16 3 74 11
20180703 094701 19 1 87 7
20180703 094702 12 6 83 6
20180703 094703 12 7 84 11
20180703 094704 19 10 84 16
20180703 094705 12 9 74 11
20180703 094706 11 14 92 13
20180703 094707 16 1 90 6
20180703 094708 17 8 85 13
20180703 094709 10 -1 71 13
20180703 094711 12 1 80 12
20180703 094712 24 13 98 6
20180703 094713 14 9 77 13
20180703 094714 16 3 70 11
20180703 094715 8 1 88 13
20180703 094716 13 6 93 12
20180703 094717 19 11 88 7
20180703 094718 11 5 90 11
20180703 094719 9 6 82 3
20180703 094720 20 6 74 20
20180703 094721 15 -1 87 16
20180703 094722 11 2 73 13
20180703 094723 16 4 88 14
20180703 094724 4 1 80 12
20180703 094725 12 0 81 6
20180703 094726 19 5 84 15
20180703 094727 16 11 72 15
20180703 094728 15 3 88 14
20180703 094729 12 1 80 13
20180703 094730 13 1 94 8
20180703 094731 15 -3 88 17
20180703 094732 14 5 85 8
20180703 094733 17 6 82 12
20180703 094734 20 2 80 14
20180703 094735 6 5 76 11
20180703 094736 14 9 96 12
20180703 094737 17 9 78 4
20180703 094738 14 0 83 14
20180703 094739 16 1 85 7
20180703 094740 15 7 81 15
20180703 094741 24 9 80 15
20180703 094742 18 5 72 10
20180703 094743 16 2 76 11
20180703 094744 10 -1 86 16
20180703 094745 19 5 95 11
20180703 094746 15 8 79 16
20180703 094747 13 5 74 9
20180703 094748 13 10 80 14
20180703 094749 9 7 78 16
20180703 094750 8 4 79 10
20180703 094752 17 -4 86 13
20180703 094753 11 6 81 7
20180703 094754 7 0 95 8
20180703 094755 20 2 81 8
20180703 094756 14 2 89 7
20180703 094757 13 3 86 12
20180703 094758 14 7 78 16
20180703 094759 16 6 88 20
20180703 094800 14 5 75 16
20180703 094801 11 0 87 8
20180703 094802 11 8 82 12
20180703 094803 18 8 83 10
20180703 094804 14 8 85 10
20180703 094805 24 5 85 14
20180703 094806 13 10 70 12
20180703 094807 11 -3 92 9
20180703 094808 20 7 82 9
20180703 094809 16 8 78 7
20180703 094810 18 12 86 5
20180703 094811 20 -3 87 8
20180703 094812 12 3 76 21
20180703 094813 14 7 78 12
20180703 094814 17 10 86 8
20180703 094815 18 2 73 6
20180703 094816 7 2 73 11
20180703 094817 15 14 79 10
20180703 094818 7 -1 87 13
20180703 094819 7 3 80 17
20180703 094820 9 8 93 15
20180703 094821 16 9 76 9
20180703 094822 14 8 78 16
20180703 094823 18 5 81 14
20180703 094824 14 5 85 10
20180703 094825 12 4 78 12
20180703 094826 12 5 81 10
20180703 094827 17 2 86 9
20180703 094828 18 10 79 18
20180703 094829 17 3 102 9
20180703 094830 22 5 82 13
20180703 094832 18 6 73 11
20180703 094833 17 9 83 5
20180703 094834 12 15 84 10
20180703 094835 8 1 82 5
20180703 094836 11 5 83 9
20180703 094837 17 4 91 18
20180703 094838 12 7 84 6
20180703 094839 5 -2 84 8
20180703 094840 14 15 94 12
20180703 094841 27 1 80 16
20180703 094842 19 3 86 15
20180703 094843 18 -3 82 12
20180703 094844 14 8 80 11
20180703 094845 16 4 78 13
20180703 094846 10 2 78 7
20180703 094847 11 2 79 9
20180703 094848 7 10 86 20
20180703 094849 19 10 81 8
20180703 094850 11 2 94 10
20180703 094851 19 7 84 13
20180703 094852 14 6 86 6
20180703 094853 20 2 79 14
20180703 094854 13 7 88 17
20180703 094855 16 13 96 15
20180703 094856 19 10 96 4
20180703 094857 13 1 85 22
20180703 094858 10 6 80 13
20180703 094859 19 6 74 14
20180703 094900 11 4 91 18
20180703 094901 22 3 74 6
20180703 094902 9 3 79 13
20180703 094903 12 5 88 9
20180703 094904 23 6 76 14
20180703 094905 11 5 88 4
20180703 094906 10 7 74 11
20180703 094907 10 9 86 12
20180703 094908 14 11 91 9
20180703 094909 18 3 88 12
20180703 094910 15 9 82 9
20180703 094911 9 11 90 18
20180703 094913 17 -1 76 17
20180703 094914 11 1 75 7
20180703 094915 21 6 73 14
20180703 094916 14 3 86 14
20180703 094917 17 5 85 11
20180703 094918 14 8 74 16
20180703 094919 17 8 88 16
20180703 094920 13 13 81 17
20180703 094921 13 7 79 10
20180703 094922 10 7 80 17
20180703 094923 19 2 79 12
20180703 094924 21 0 74 10
20180703 094925 17 8 84 16
20180703 094926 12 5 78 16
20180703 094927 15 6 83 17
20180703 094928 12 2 79 9
20180703 094929 16 16 83 20
20180703 094930 13 -2 84 13
20180703 094931 14 3 84 7
20180703 094932 19 6 79 7
20180703 094933 12 5 81 17
20180703 094934 18 2 76 11
20180703 094935 17 2 77 7
20180703 094936 17 1 78 14
20180703 094937 11 3 89 14
20180703 094938 18 6 72 16
20180703 094939 24 9 86 8
20180703 094940 7 2 87 7
20180703 094941 11 3 82 4
20180703 094942 19 10 93 12
20180703 094943 13 5 80 10
20180703 094944 14 2 87 4
20180703 094945 10 5 84 9
20180703 094946 20 7 91 9
20180703 094947 13 15 85 22
20180703 094948 14 2 88 9
20180703 094949 21 9 102 10
20180703 094950 13 3 86 10
20180703 094951 13 5 81 9
20180703 094953 12 6 79 15
20180703 094954 15 5 87 9
20180703 094955 19 4 86 6
20180703 094956 19 0 81 14
20180703 094957 12 7 80 14
20180703 094958 9 1 73 16
20180703 094959 19 7 90 8
20180703 095000 21 5 92 11
20180703 095001 7 9 84 3
20180703 095002 21 11 78 18
20180703 095003 9 5 74 10
20180703 095004 12 11 89 13
20180703 095005 15 2 84 6
20180703 095006 11 6 83 17
20180703 095007 14 -1 90 13
20180703 095008 21 5 72 18
20180703 095009 13 6 81 5
20180703 095010 12 4 69 2
20180703 095011 9 0 79 11
20180703 095012 15 0 76 10
20180703 095013 14 5 90 13
20180703 095014 15 7 78 15
20180703 095015 16 11 92 12
20180703 095016 12 7 85 14
20180703 095017 6 0 80 11
20180703 095018 13 2 85 8
20180703 095019 21 6 84 20
20180703 095020 19 4 81 13
20180703 095021 20 7 75 6
20180703 095022 20 5 91 19
20180703 095023 13 9 90 12
20180703 095024 12 7 87 8
20180703 095025 15 1 81 15
20180703 095026 16 3 79 8
20180703 095027 4 16 74 15
20180703 095028 25 3 95 11
20180703 095029 8 8 85 17
20180703 095030 20 9 77 13
20180703 095031 14 7 71 15
20180703 095032 5 4 80 5
20180703 095034 19 3 76 9
20180703 095035 17 2 77 10
20180703 095036 18 2 83 9
20180703 095037 17 3 82 5
20180703 095038 13 6 68 8
20180703 095039 18 8 88 2
20180703 095040 19 8 82 8
20180703 095041 19 7 87 12
20180703 095042 19 3 92 16
20180703 095043 5 0 96 4
20180703 095044 10 8 79 6
20180703 095045 16 9 74 9
20180703 095046 17 2 91 7
20180703 095047 7 8 77 17
20180703 095048 12 2 86 10
20180703 095049 14 5 78 16
20180703 095050 13 4 74 14
20180703 095051 14 2 87 14
20180703 095052 12 3 102 6
20180703 095053 15 4 82 15
20180703 095054 10 2 88 8
20180703 095055 17 8 73 16
20180703 095056 8 3 79 9
20180703 095057 12 7 71 5
20180703 095058 13 8 80 6
20180703 095059 14 8 78 9
20180703 095100 20 12 88 5
20180703 095101 16 1 87 13
20180703 095102 12 5 82 9
20180703 095103 19 9 79 9
20180703 095104 22 1 78 10
20180703 095105 18 9 81 19
20180703 095106 10 6 77 10
20180703 095107 12 7 87 18
20180703 095108 14 6 84 11
20180703 095109 16 3 89 9
20180703 095110 12 5 82 8
20180703 095111 28 10 78 12
20180703 095112 19 9 74 14
20180703 095113 14 5 83 10
20180703 095115 22 5 85 16
20180703 095116 18 9 78 4
20180703 095117 19 8 93 13
20180703 095118 16 6 89 12
20180703 095119 10 0 86 10
20180703 095120 16 6 83 20
20180703 095121 10 7 77 13
20180703 095122 13 4 81 9
20180703 095123 12 9 94 9
20180703 095124 15 9 80 17
20180703 095125 10 1 86 17
20180703 095126 15 9 83 9
20180703 095127 16 6 90 6
20180703 095128 17 8 90 14
20180703 095129 15 11 81 12
20180703 095130 16 10 73 14
20180703 095131 9 13 70 9
20180703 095132 17 7 79 8
20180703 095133 12 7 82 11
20180703 095134 10 4 82 9
20180703 095135 13 6 82 18
20180703 095136 17 12 94 7
20180703 095137 16 2 81 10
20180703 095138 17 7 90 9
20180703 095139 16 11 91 8
20180703 095140 13 2 85 7
20180703 095141 8 6 80 14
20180703 095142 10 4 87 7
20180703 095143 17 2 87 17
20180703 095144 20 10 80 16
20180703 095145 18 1 79 11
20180703 095146 18 7 73 21
20180703 095147 14 3 94 6
20180703 095148 14 1 91 7
20180703 095149 16 9 89 13
20180703 095150 15 7 89 10
20180703 095151 17 2 77 19
20180703 095152 16 1 81 15
20180703 095153 15 4 82 10
20180703 095155 19 9 78 9
20180703 095156 13 8 95 4
20180703 095157 14 3 91 18
20180703 095158 17 -2 85 13
20180703 095159 11 2 85 15
20180703 095200 17 7 77 4
20180703 095201 21 15 70 8
20180703 095202 13 10 82 7
20180703 095203 16 -4 76 15
20180703 095204 16 4 85 9
20180703 095205 16 0 88 8
20180703 095206 22 3 84 7
20180703 095207 21 2 75 12
20180703 095208 11 9 76 14
20180703 095209 15 1 87 12
20180703 095210 5 6 88 14
20180703 095211 10 5 85 10
20180703 095212 10 10 84 17
20180703 095213 8 9 78 13
20180703 095214 20 7 76 10
20180703 095215 24 4 71 12
20180703 095216 6 6 90 11
20180703 095217 17 6 82 5
20180703 095218 14 5 83 17
20180703 095219 10 1 83 23
20180703 095220 23 4 81 3
20180703 095221 19 3 80 6
20180703 095222 23 4 80 14
20180703 095223 22 -4 86 12
20180703 095224 18 5 82 6
20180703 095225 13 4 75 6
20180703 095226 12 1 86 14
20180703 095227 13 2 76 11
20180703 095228 16 5 86 8
20180703 095229 13 14 85 13
20180703 095230 14 1 80 11
20180703 095231 22 12 98 5
20180703 095232 9 9 87 12
20180703 095233 16 5 79 9
20180703 095234 16 4 86 14
20180703 095236 14 3 75 6
20180703 095237 15 4 88 15
20180703 095238 17 7 76 13
20180703 095239 11 -1 82 4
20180703 095240 13 10 73 15
20180703 095241 12 5 91 13
20180703 095242 15 3 86 9
20180703 095243 17 7 80 9
20180703 095244 14 6 82 10
20180703 095245 17 5 87 18
20180703 095246 11 13 89 6
20180703 095247 14 2 81 23
20180703 095248 13 -5 88 10
20180703 095249 12 4 74 12
20180703 095250 11 5 80 10
20180703 095251 18 1 99 16
20180703 095252 13 8 74 6
20180703 095253 16 -2 80 5
20180703 095254 10 2 80 21
20180703 095255 13 6 88 9
20180703 095256 17 6 75 18
20180703 095257 15 9 79 13
20180703 095258 17 5 87 5
20180703 095259 11 4 75 12
20180703 095300 17 2 72 7
20180703 095301 15 6 88 16
20180703 095302 18 7 78 10
20180703 095303 14 3 81 1
20180703 095304 17 12 93 12
20180703 095305 11 4 76 7
20180703 095306 22 10 81 17
20180703 095307 9 -5 88 7
20180703 095308 21 3 102 11
20180703 095309 16 -1 92 13
20180703 095310 14 7 89 12
20180703 095311 22 6 76 12
20180703 095312 15 7 88 18
20180703 095313 16 0 80 5
20180703 095314 9 4 82 9
20180703 095316 14 1 91 9
20180703 095317 10 4 76 13
20180703 095318 21 5 67 12
20180703 095319 10 5 75 8
20180703 095320 15 4 99 15
20180703 095321 8 0 90 11
20180703 095322 14 -2 94 9
20180703 095323 23 6 81 9
20180703 095324 21 1 70 11
20180703 095325 19 9 86 11
20180703 095326 19 9 83 11
20180703 095327 12 -2 86 13
20180703 095328 15 5 86 8
20180703 095329 13 8 92 12
20180703 095330 25 7 83 6
20180703 095331 18 0 78 12
20180703 095332 14 1 84 5
20180703 095333 19 7 91 13
20180703 095334 7 12 77 9
20180703 095335 19 8 86 14
20180703 095336 15 3 86 19
20180703 095337 10 8 80 5
20180703 095338 5 5 76 9
20180703 095339 17 7 76 14
20180703 095340 11 0 76 12
20180703 095341 14 6 81 10
20180703 095342 13 6 71 4
20180703 095343 21 -1 85 17
20180703 095344 17 1 84 10
20180703 095345 14 7 95 3
20180703 095346 18 -1 83 9
20180703 095347 20 5 82 18
20180703 095348 19 11 83 17
20180703 095349 13 1 79 10
20180703 095350 11 5 76 14
20180703 095351 19 1 80 9
20180703 095352 18 7 78 13
20180703 095353 16 10 82 9
20180703 095354 17 3 78 12
20180703 095355 14 6 89 11
20180703 095357 21 -2 80 9
20180703 095358 11 5 79 8
20180703 095359 22 0 89 12
20180703 095400 17 3 79 13
20180703 095401 12 4 78 11
20180703 095402 20 4 77 17
20180703 095403 17 4 69 17
20180703 095404 13 3 101 15
20180703 095405 10 0 92 14
20180703 095406 12 5 83 13
20180703 095407 17 1 87 8
20180703 095408 12 10 78 18
20180703 095409 16 4 79 14
20180703 095410 16 -2 88 15
20180703 095411 26 13 67 11
20180703 095412 13 8 77 8
20180703 095413 15 4 84 13
20180703 095414 18 -7 85 14
20180703 095415 21 3 88 18
20180703 095416 15 9 102 15
20180703 095417 7 4 101 12
20180703 095418 19 7 82 5
20180703 095419 24 9 76 8
20180703 095420 18 5 88 13
20180703 095421 14 5 87 9
20180703 095422 15 4 87 12
20180703 095423 13 8 94 14
20180703 095424 23 -1 90 9
20180703 095425 20 1 85 9
20180703 095426 19 13 95 19
20180703 095427 22 5 81 7
20180703 095428 20 6 75 16
20180703 095429 22 9 95 10
20180703 095430 22 1 84 14
20180703 095431 14 2 80 6
20180703 095432 18 6 95 4
20180703 095433 20 11 87 9
20180703 095434 10 1 89 14
20180703 095435 9 3 78 16
20180703 095437 10 4 84 6
20180703 095438 12 11 80 11
20180703 095439 19 4 87 8
20180703 095440 10 8 91 8
20180703 095441 15 8 84 14
20180703 095442 19 3 87 16
20180703 095443 14 11 88 5
20180703 095444 20 -3 75 21
20180703 095445 17 2 74 5
20180703 095446 11 9 81 21
20180703 095447 10 9 82 5
20180703 095448 18 10 81 8
20180703 095449 15 14 84 8
20180703 095450 13 1 84 14
20180703 095451 22 2 86 19
20180703 095452 22 10 75 6
20180703 095453 17 4 83 3
20180703 095454 22 3 72 8
20180703 095455 16 0 84 10
20180703 095456 18 1 88 13
20180703 095457 17 3 81 17
20180703 095458 15 4 73 17
20180703 095459 16 0 86 6
20180703 095500 16 5 82 13
20180703 095501 18 6 85 18
20180703 095502 17 2 102 12
20180703 095503 18 8 75 10
20180703 095504 16 6 82 5
20180703 095505 18 8 74 12
20180703 095506 15 4 86 12
20180703 095507 10 7 77 15
20180703 095508 9 5 82 13
20180703 095509 9 -2 88 11
20180703 095510 22 10 76 7
20180703 095511 14 3 80 17
20180703 095512 19 10 77 11
20180703 095513 17 4 78 14
20180703 095514 15 12 95 10
20180703 095515 15 0 89 3
20180703 095516 22 8 83 8
20180703 095518 18 7 90 17
20180703 095519 20 4 86 9
20180703 095520 20 5 92 18
20180703 095521 13 7 76 15
20180703 095522 15 7 87 12
20180703 095523 16 10 85 13
20180703 095524 20 8 75 10
20180703 095525 17 2 87 7
20180703 095526 18 5 82 14
20180703 095527 14 12 91 7
20180703 095528 12 4 77 20
20180703 095529 18 7 74 10
20180703 095530 16 4 71 12
20180703 095531 14 11 89 16
20180703 095532 18 0 74 13
20180703 095533 13 1 96 16
20180703 095534 20 6 86 5
20180703 095535 16 0 93 9
20180703 095536 16 7 78 11
20180703 095537 25 3 80 14
20180703 095538 15 7 84 17
20180703 095539 15 -2 97 17
20180703 095540 13 5 90 11
20180703 095541 20 5 85 16
20180703 095542 8 2 86 14
20180703 095543 21 2 72 16
20180703 095544 21 0 74 6
20180703 095545 14 3 77 12
20180703 095546 10 9 81 7
20180703 095547 15 6 90 7
20180703 095548 18 8 85 12
20180703 095549 18 6 79 8
20180703 095550 6 0 86 17
20180703 095551 16 6 82 15
20180703 095552 17 16 81 15
20180703 095553 12 3 89 6
20180703 095554 20 2 84 20
20180703 095555 17 1 92 9
20180703 095556 17 5 98 18
20180703 095558 13 2 93 10
20180703 095559 16 10 88 12
20180703 095600 12 2 86 8
20180703 095601 10 12 90 7
20180703 095602 8 6 80 12
20180703 095603 15 2 91 12
20180703 095604 19 5 89 13
20180703 095605 19 6 91 14
20180703 095606 13 5 84 11
20180703 095607 20 8 83 9
20180703 095608 22 7 77 8
20180703 095609 23 8 78 16
20180703 095610 19 6 87 16
20180703 095611 16 6 83 8
20180703 095612 21 -1 76 10
20180703 095613 12 6 89 15
20180703 095614 16 6 92 6
20180703 095615 14 8 87 13
20180703 095616 22 6 84 7
20180703 095617 16 3 93 12
20180703 095618 23 11 75 9
20180703 095619 19 5 78 10
20180703 095620 5 8 74 19
20180703 095621 18 -4 82 18
20180703 095622 8 7 72 13
20180703 095623 9 9 89 10
20180703 095624 17 12 82 15
20180703 095625 18 7 85 21
20180703 095626 14 6 87 15
20180703 095627 24 14 82 4
20180703 095628 7 12 87 3
20180703 095629 10 7 86 6
20180703 095630 13 11 85 1
20180703 095631 12 10 69 6
20180703 095632 13 15 92 5
20180703 095633 14 6 78 14
20180703 095634 9 12 80 5
20180703 095635 19 6 81 9
20180703 095636 14 7 87 9
20180703 095637 22 10 88 14
20180703 095639 17 4 81 17
20180703 095640 18 -1 80 5
20180703 095641 10 6 77 4
20180703 095642 19 6 69 11
20180703 095643 10 7 86 6
20180703 095644 12 4 82 11
20180703 095645 9 10 89 16
20180703 095646 22 2 81 7
20180703 095647 15 5 85 14
20180703 095648 9 2 86 11
20180703 095649 21 3 88 22
20180703 095650 17 8 76 12
20180703 095651 22 5 96 12
20180703 095652 17 8 80 7
20180703 095653 22 5 72 9
20180703 095654 7 4 72 17
20180703 095655 13 2 85 14
20180703 095656 13 6 90 13
20180703 095657 15 4 82 14
20180703 095658 10 6 89 18
20180703 095659 17 4 86 17
20180703 095700 23 6 94 8
20180703 095701 15 4 82 14
20180703 095702 7 10 80 6
20180703 095703 19 3 82 17
20180703 095704 18 12 82 18
20180703 095705 18 6 79 6
20180703 095706 14 7 86 12
20180703 095707 17 5 87 6
20180703 095708 12 11 74 10
20180703 095709 10 7 80 12
20180703 095710 14 8 74 9
20180703 095711 16 10 80 11
20180703 095712 17 9 82 17
20180703 095713 15 6 80 12
20180703 095714 12 7 74 12
20180703 095715 16 2 79 9
20180703 095716 13 4 70 16
20180703 095717 12 16 79 8
20180703 095719 23 7 86 13
20180703 095720 8 6 80 10
20180703 095721 13 9 93 12
20180703 095722 18 13 87 6
20180703 095723 13 4 84 12
20180703 095724 19 10 79 13
20180703 095725 14 9 78 14
20180703 095726 18 -1 79 7
20180703 095727 13 4 82 14
20180703 095728 15 9 80 11
20180703 095729 16 6 81 15
20180703 095730 18 4 81 8
20180703 095731 18 5 76 9
20180703 095732 14 -2 84 14
20180703 095733 12 11 76 9
20180703 095734 13 9 78 7
20180703 095735 7 3 72 11
20180703 095736 11 3 88 16
20180703 095737 14 9 75 13
20180703 095738 9 11 94 12
20180703 095739 12 1 87 15
20180703 095740 22 17 80 17
20180703 095741 8 -2 74 13
20180703 095742 15 10 78 8
20180703 095743 20 9 89 7
20180703 095744 12 13 75 10
20180703 095745 11 -1 76 12
20180703 095746 15 0 79 6
20180703 095747 13 2 92 6
20180703 095748 13 4 90 11
20180703 095749 19 9 73 8
20180703 095750 11 11 75 12
20180703 095751 15 0 77 8
20180703 095752 16 12 87 9
20180703 095753 12 3 77 7
20180703 095754 13 7 88 18
20180703 095755 13 8 96 10
20180703 095756 25 7 80 8
20180703 095757 9 4 86 17
20180703 095759 13 -1 89 15
20180703 095800 15 9 82 12
20180703 095801 19 6 89 13
20180703 095802 13 11 79 11
20180703 095803 13 5 77 12
20180703 095804 18 5 80 9
20180703 095805 12 11 83 12
20180703 095806 14 10 89 12
20180703 095807 17 0 81 13
20180703 095808 16 6 86 8
20180703 095809 14 -2 78 11
20180703 095810 17 2 85 9
20180703 095811 9 13 79 9
20180703 095812 12 8 95 13
20180703 095813 20 3 85 8
20180703 095814 15 0 86 18
20180703 095815 19 0 80 13
20180703 095816 13 12 87 6
20180703 095817 16 10 82 19
20180703 095818 13 5 80 21
20180703 095819 18 4 84 5
20180703 095820 16 14 83 16
20180703 095821 10 6 82 9
20180703 095822 18 2 79 10
20180703 095823 16 0 85 12
20180703 095824 10 4 76 7
20180703 095825 22 5 86 10
20180703 095826 24 5 75 13
20180703 095827 16 8 88 7
20180703 095828 7 7 73 6
20180703 095829 18 9 88 7
20180703 095830 17 8 93 10
20180703 095831 20 7 94 18
20180703 095832 13 1 94 15
20180703 095833 10 1 81 10
20180703 095834 9 12 80 12
20180703 095835 13 4 77 12
20180703 095836 16 5 80 10
20180703 095837 13 6 83 11
20180703 095838 13 4 83 9
20180703 095840 9 3 83 14
20180703 095841 13 6 88 21
20180703 095842 14 9 84 14
20180703 095843 18 9 75 17
20180703 095844 16 6 77 11
20180703 095845 9 14 83 14
20180703 095846 20 -2 79 11
20180703 095847 14 1 75 12
20180703 095848 19 2 79 10
20180703 095849 16 12 81 15
20180703 095850 19 7 84 12
20180703 095851 23 13 80 12
20180703 095852 18 7 79 17
20180703 095853 15 10 74 15
20180703 095854 16 10 80 11
20180703 095855 28 5 75 14
20180703 095856 15 0 86 19
20180703 095857 22 4 83 15
20180703 095858 14 -2 84 16
20180703 095859 12 11 96 18
20180703 095900 16 7 90 13
20180703 095901 17 5 86 7
20180703 095902 17 4 80 12
20180703 095903 15 3 84 11
20180703 095904 12 3 71 4
20180703 095905 14 4 76 3
20180703 095906 20 3 89 10
20180703 095907 11 5 83 16
20180703 095908 22 8 81 12
20180703 095909 17 2 98 6
20180703 095910 21 6 82 10
20180703 095911 10 3 89 7
20180703 095912 11 13 85 17
20180703 095913 15 6 79 12
20180703 095914 17 5 75 7
20180703 095915 16 9 85 15
20180703 095916 13 8 77 9
20180703 095917 24 3 76 7
20180703 095918 11 3 78 18
20180703 095920 13 5 72 6
20180703 095921 16 5 85 6
20180703 095922 8 12 79 11
20180703 095923 5 5 79 12
20180703 095924 12 2 76 8
20180703 095925 12 -1 77 6
20180703 095926 20 6 92 18
20180703 095927 11 3 76 14
20180703 095928 10 5 86 14
20180703 095929 12 10 83 15
20180703 095930 13 7 87 12
20180703 095931 19 11 79 13
20180703 095932 16 3 79 14
20180703 095933 16 7 70 16
20180703 095934 18 -6 77 9
20180703 095935 19 0 94 13
20180703 095936 12 2 79 15
20180703 095937 12 0 86 20
20180703 095938 26 0 95 11
20180703 095939 12 9 80 10
20180703 095940 12 0 83 13
20180703 095941 15 7 85 10
20180703 095942 16 6 98 9
20180703 095943 17 0 77 8
20180703 095944 14 1 91 10
20180703 095945 23 5 86 18
20180703 095946 15 -6 81 5
20180703 095947 18 0 80 13
20180703 095948 16 7 82 8
20180703 095949 23 4 80 10
20180703 095950 12 9 80 19
20180703 095951 16 1 85 17
20180703 095952 15 6 94 9
20180703 095953 15 4 82 15
20180703 095954 10 1 80 12
20180703 095955 7 -3 76 16
20180703 095956 11 6 96 9
20180703 095957 16 -1 79 2
20180703 095958 12 1 77 4
20180703 095959 17 5 85 11
20180703 100001 10 3 87 1
20180703 100002 11 3 74 13
20180703 100003 21 9 72 1
20180703 100004 26 6 95 10
20180703 100005 13 13 75 14
20180703 100006 17 7 75 9
20180703 100007 12 9 79 6
20180703 100008 17 7 77 13
20180703 100009 11 9 78 8
20180703 100010 14 6 93 11
20180703 100011 11 3 81 16
20180703 100012 19 8 85 18
20180703 100013 13 5 88 14
20180703 100014 12 3 93 11
20180703 100015 13 6 81 11
20180703 100016 10 7 90 16
20180703 100017 16 2 85 8
20180703 100018 17 5 90 9
20180703 100019 18 13 79 12
20180703 100020 24 8 81 17
20180703 100021 19 -3 83 5
20180703 100022 21 2 89 12
20180703 100023 16 -1 82 7
20180703 100024 15 7 96 12
20180703 100025 10 8 82 13
20180703 100026 19 9 79 3
20180703 100027 19 -5 83 13
20180703 100028 15 7 81 7
20180703 100029 17 5 80 18
20180703 100030 15 3 75 14
20180703 100031 20 7 68 13
20180703 100032 18 12 79 21
20180703 100033 24 5 90 11
20180703 100034 19 5 80 11
20180703 100035 12 12 76 8
20180703 100036 22 8 86 8
20180703 100037 11 2 87 15
20180703 100038 13 12 82 8
20180703 100039 15 0 76 11
20180703 100041 16 -2 84 9
20180703 100042 10 10 88 13
20180703 100043 19 3 73 14
20180703 100044 17 6 88 13
20180703 100045 19 11 78 10
20180703 100046 13 5 76 8
20180703 100047 16 3 80 9
20180703 100048 20 1 87 14
20180703 100049 11 5 84 5
20180703 100050 11 0 81 7
20180703 100051 14 -1 77 17
20180703 100052 14 -1 84 13
20180703 100053 16 3 78 7
20180703 100054 17 6 79 16
20180703 100055 18 10 76 12
20180703 100056 23 7 93 7
20180703 100057 9 6 71 6
20180703 100058 17 7 89 16
20180703 100059 17 11 81 12
20180703 100100 8 4 89 5
20180703 100101 8 1 77 7
20180703 100102 12 6 87 17
20180703 100103 18 -1 78 16
20180703 100104 17 12 76 13
20180703 100105 23 3 88 4
20180703 100106 19 7 73 10
20180703 100107 15 1 85 14
20180703 100108 18 10 83 14
20180703 100109 15 7 83 11
20180703 100110 19 5 96 6
20180703 100111 21 3 77 7
20180703 100112 10 6 82 13
20180703 100113 14 2 74 14
20180703 100114 10 4 81 21
20180703 100115 13 9 91 14
20180703 100116 17 2 74 7
20180703 100117 21 2 86 6
20180703 100118 18 4 77 14
20180703 100119 10 9 81 5
20180703 100120 18 2 89 11
20180703 100122 15 9 86 7
20180703 100123 13 4 95 13
20180703 100124 17 8 101 5
20180703 100125 17 5 78 15
20180703 100126 20 4 98 11
20180703 100127 16 1 79 20
20180703 100128 17 9 85 13
20180703 100129 13 3 85 15
20180703 100130 13 3 91 15
20180703 100131 14 4 79 20
20180703 100132 17 5 102 4
20180703 100133 16 8 91 13
20180703 100134 13 13 79 14
20180703 100135 7 6 86 11
20180703 100136 9 8 80 4
20180703 100137 18 9 80 6
20180703 100138 16 4 77 9
20180703 100139 7 5 84 14
20180703 100140 17 -1 77 12
20180703 100141 23 2 82 11
20180703 100142 20 5 77 9
20180703 100143 14 -4 80 12
20180703 100144 18 6 81 13
20180703 100145 15 11 97 11
20180703 100146 5 1 81 14
20180703 100147 21 0 87 11
20180703 100148 23 -3 74 13
20180703 100149 11 0 83 9
20180703 100150 20 5 73 7
20180703 100151 9 -2 86 6
20180703 100152 19 6 73 11
20180703 100153 15 7 75 7
20180703 100154 15 1 94 15
20180703 100155 19 7 79 17
20180703 100156 18 6 77 10
20180703 100157 15 9 78 10
20180703 100158 16 11 82 7
20180703 100159 18 4 82 9
20180703 100200 19 5 75 9
20180703 100202 15 5 85 13
20180703 100203 18 3 75 4
20180703 100204 11 6 93 18
20180703 100205 11 5 89 12
20180703 100206 11 4 87 18
20180703 100207 22 -4 80 18
20180703 100208 15 6 81 12
20180703 100209 10 -2 84 12
20180703 100210 18 5 75 10
20180703 100211 11 2 75 8
20180703 100212 20 7 74 19
20180703 100213 9 7 80 14
20180703 100214 15 9 100 6
20180703 100215 26 3 75 16
20180703 100216 15 7 82 9
20180703 100217 21 6 76 11
20180703 100218 16 7 92 10
20180703 100219 17 3 88 0
20180703 100220 11 1 80 14
20180703 100221 20 3 88 14
20180703 100222 16 10 83 9
20180703 100223 24 7 87 12
20180703 100224 15 10 74 16
20180703 100225 15 9 89 14
20180703 100226 15 4 73 5
20180703 100227 15 8 90 11
20180703 100228 12 7 81 8
20180703 100229 26 -2 87 15
20180703 100230 23 6 91 16
20180703 100231 21 13 82 15
20180703 100232 16 2 86 14
20180703 100233 20 4 88 4
20180703 100234 16 8 75 13
20180703 100235 24 10 82 15
20180703 100236 10 13 85 6
20180703 100237 12 4 82 14
20180703 100238 18 5 80 8
20180703 100239 16 10 93 17
20180703 100240 17 1 81 23
20180703 100241 21 4 91 12
20180703 100243 14 16 75 17
20180703 100244 18 5 81 9
20180703 100245 11 3 86 15
20180703 100246 17 12 82 13
20180703 100247 13 2 94 15
20180703 100248 14 -3 91 11
20180703 100249 11 8 94 19
20180703 100250 22 9 76 12
20180703 100251 12 7 84 7
20180703 100252 18 -1 85 14
20180703 100253 10 3 87 9
20180703 100254 16 7 80 13
20180703 100255 21 9 78 18
20180703 100256 13 12 80 12
20180703 100257 8 5 86 7
20180703 100258 17 13 79 18
20180703 100259 20 0 80 12
20180703 100300 6 6 78 21
20180703 100301 17 10 88 14
20180703 100302 19 1 84 11
20180703 100303 22 7 83 20
20180703 100304 18 8 77 15
20180703 100305 20 1 82 17
20180703 100306 10 3 77 7
20180703 100307 17 5 97 9
20180703 100308 15 7 82 7
20180703 100309 13 -2 79 11
20180703 100310 10 7 90 4
20180703 100311 14 -2 81 10
20180703 100312 13 12 87 7
20180703 100313 9 8 80 7
20180703 100314 14 8 77 4
20180703 100315 21 4 81 6
20180703 100316 14 6 77 11
20180703 100317 16 7 82 11
20180703 100318 21 3 81 5
20180703 100319 17 13 99 12
20180703 100320 19 4 86 13
20180703 100321 15 -2 84 13
20180703 100323 10 -2 73 12
20180703 100324 19 -1 81 3
20180703 100325 14 1 83 16
20180703 100326 20 7 87 3
20180703 100327 19 4 90 14
20180703 100328 12 10 72 10
20180703 100329 19 5 74 9
20180703 100330 10 4 69 9
20180703 100331 23 6 88 14
20180703 100332 9 5 82 11
20180703 100333 13 3 86 13
20180703 100334 13 17 83 23
20180703 100335 21 9 88 8
20180703 100336 17 4 81 11
20180703 100337 17 9 78 7
20180703 100338 19 -1 75 7
20180703 100339 17 9 84 12
20180703 100340 22 0 92 11
20180703 100341 12 5 67 20
20180703 100342 15 7 73 8
20180703 100343 7 12 95 17
20180703 100344 4 1 93 6
20180703 100345 26 9 78 4
20180703 100346 17 1 82 16
20180703 100347 18 3 74 12
20180703 100348 27 3 83 17
20180703 100349 12 10 85 16
20180703 100350 9 6 95 16
20180703 100351 20 3 97 15
20180703 100352 12 12 96 7
20180703 100353 14 10 73 15
20180703 100354 14 7 78 19
20180703 100355 20 5 73 10
20180703 100356 9 7 82 11
20180703 100357 8 7 91 12
20180703 100358 19 8 85 13
20180703 100359 9 3 76 14
20180703 100400 16 5 85 9
20180703 100401 15 11 84 8
20180703 100402 25 0 85 12
20180703 100404 12 2 83 9
20180703 100405 17 -3 97 10
20180703 100406 23 -2 77 14
20180703 100407 18 8 76 10
20180703 100408 14 1 84 19
20180703 100409 15 0 93 10
20180703 100410 27 8 88 11
20180703 100411 13 7 87 8
20180703 100412 17 5 79 15
20180703 100413 18 12 95 11
20180703 100414 12 2 73 3
20180703 100415 17 -2 76 16
20180703 100416 4 6 94 10
20180703 100417 19 1 75 14
20180703 100418 15 11 75 8
20180703 100419 24 3 83 16
20180703 100420 16 4 86 14
20180703 100421 8 3 76 9
20180703 100422 15 5 83 3
20180703 100423 12 11 75 11
20180703 100424 22 2 93 12
20180703 100425 14 1 87 4
20180703 100426 16 5 74 17
20180703 100427 17 13 79 3
20180703 100428 21 8 82 18
20180703 100429 16 4 87 13
20180703 100430 9 2 93 7
20180703 100431 10 8 83 5
20180703 100432 15 -7 84 11
20180703 100433 12 9 88 8
20180703 100434 24 1 75 10
20180703 100435 17 4 81 12
20180703 100436 14 2 83 9
20180703 100437 12 2 74 17
20180703 100438 17 -3 81 15
20180703 100439 22 6 79 7
20180703 100440 18 13 89 16
20180703 100441 9 4 89 9
20180703 100442 12 8 69 9
20180703 100444 15 -6 85 12
20180703 100445 20 7 78 15
20180703 100446 18 5 82 18
20180703 100447 10 12 69 7
20180703 100448 8 2 79 11
20180703 100449 13 3 83 19
20180703 100450 6 1 69 5
20180703 100451 12 3 75 10
20180703 100452 17 4 79 6
20180703 100453 16 2 74 4
20180703 100454 15 15 80 12
20180703 100455 18 7 92 14
20180703 100456 25 6 84 12
20180703 100457 14 8 100 11
20180703 100458 13 7 92 14
20180703 100459 16 4 88 9
20180703 100500 11 6 74 10
20180703 100501 18 3 78 15
20180703 100502 18 9 81 13
20180703 100503 17 7 69 15
20180703 100504 12 0 77 14
20180703 100505 8 14 73 8
20180703 100506 16 8 92 7
20180703 100507 14 10 76 14
20180703 100508 14 5 72 14
20180703 100509 18 6 75 8
20180703 100510 15 3 78 10
20180703 100511 19 11 85 16
20180703 100512 14 3 78 17
20180703 100513 17 6 88 6
20180703 100514 23 -3 94 14
20180703 100515 27 4 90 5
20180703 100516 19 -1 89 5
20180703 100517 12 9 82 14
20180703 100518 17 7 92 22
20180703 100519 22 11 81 10
20180703 100520 15 13 84 5
20180703 100521 20 14 88 16
20180703 100522 17 1 83 16
20180703 100524 21 3 93 2
20180703 100525 16 -2 82 11
20180703 100526 14 12 86 13
20180703 100527 8 3 76 7
20180703 100528 18 2 82 10
20180703 100529 13 3 83 8
20180703 100530 16 3 77 11
20180703 100531 24 10 75 9
20180703 100532 13 9 74 17
20180703 100533 11 0 89 19
20180703 100534 16 3 98 12
20180703 100535 16 12 87 12
20180703 100536 13 8 90 8
20180703 100537 15 1 85 11
20180703 100538 13 -1 93 8
20180703 100539 17 11 78 13
20180703 100540 24 12 83 19
20180703 100541 12 7 81 6
20180703 100542 8 8 71 20
20180703 100543 11 4 88 8
20180703 100544 8 8 99 11
20180703 100545 16 6 90 13
20180703 100546 11 -4 81 12
20180703 100547 7 5 85 9
20180703 100548 24 5 72 8
20180703 100549 13 14 89 2
20180703 100550 13 1 80 11
20180703 100551 19 8 86 8
20180703 100552 14 -2 81 5
20180703 100553 28 1 76 6
20180703 100554 13 5 79 12
20180703 100555 10 5 83 5
20180703 100556 6 0 83 3
20180703 100557 19 10 72 12
20180703 100558 10 2 91 10
20180703 100559 12 0 87 13
20180703 100600 11 1 76 12
20180703 100601 13 4 85 6
20180703 100602 26 8 77 9
20180703 100603 11 7 86 18
20180703 100605 11 0 73 14
20180703 100606 14 2 79 10
20180703 100607 21 5 76 14
20180703 100608 18 1 91 15
20180703 100609 16 5 88 12
20180703 100610 14 -1 84 2
20180703 100611 18 8 79 12
20180703 100612 5 8 82 20
20180703 100613 8 9 96 21
20180703 100614 17 7 91 7
20180703 100615 22 6 85 13
20180703 100616 15 1 83 7
20180703 100617 12 8 78 8
20180703 100618 10 8 87 12
20180703 100619 11 -3 78 5
20180703 100620 19 4 87 17
20180703 100621 20 0 76 10
20180703 100622 14 7 85 15
20180703 100623 20 11 91 15
20180703 100624 13 6 91 10
20180703 100625 19 4 93 15
20180703 100626 18 7 90 11
20180703 100627 23 9 83 14
20180703 100628 9 9 81 14
20180703 100629 19 6 85 10
20180703 100630 21 4 82 10
20180703 100631 13 11 67 10
20180703 100632 16 4 82 5
20180703 100633 8 6 81 8
20180703 100634 18 5 71 9
20180703 100635 18 1 89 7
20180703 100636 21 6 83 6
20180703 100637 14 7 80 7
20180703 100638 12 4 85 13
20180703 100639 11 -2 79 13
20180703 100640 12 10 86 7
20180703 100641 26 6 86 16
20180703 100642 26 2 93 10
20180703 100643 16 16 92 16
20180703 100645 21 0 77 14
20180703 100646 15 5 82 10
20180703 100647 13 -2 82 15
20180703 100648 7 10 80 15
20180703 100649 10 13 79 1
20180703 100650 11 16 96 6
20180703 100651 16 -1 85 8
20180703 100652 14 6 100 1
20180703 100653 16 1 83 17
20180703 100654 9 5 77 14
20180703 100655 17 -3 87 9
20180703 100656 23 7 92 10
20180703 100657 18 0 84 12
20180703 100658 12 9 81 12
20180703 100659 17 0 79 11
20180703 100700 22 10 79 7
20180703 100701 18 11 88 11
20180703 100702 20 -2 82 13
20180703 100703 16 13 89 12
20180703 100704 27 10 95 7
20180703 100705 6 5 76 8
20180703 100706 24 9 89 16
20180703 100707 18 4 95 11
20180703 100708 20 -1 76 10
20180703 100709 17 3 81 5
20180703 100710 13 8 83 16
20180703 100711 17 8 79 11
20180703 100712 19 0 86 5
20180703 100713 17 9 89 12
20180703 100714 19 5 74 6
20180703 100715 11 -3 75 11
20180703 100716 18 1 94 11
20180703 100717 10 6 82 14
20180703 100718 12 0 69 16
20180703 100719 23 4 73 9
20180703 100720 12 10 85 16
20180703 100721 20 -3 79 15
20180703 100722 19 6 72 9
20180703 100723 15 6 89 9
20180703 100724 12 5 84 22
20180703 100726 23 0 78 12
20180703 100727 25 3 80 13
20180703 100728 16 1 80 7
20180703 100729 18 8 77 10
20180703 100730 19 3 73 7
20180703 100731 18 3 85 13
20180703 100732 9 9 78 10
20180703 100733 13 6 75 13
20180703 100734 16 15 87 11
20180703 100735 19 7 86 12
20180703 100736 21 7 84 12
20180703 100737 14 5 82 18
20180703 100738 12 5 83 14
20180703 100739 18 4 79 19
20180703 100740 9 8 78 16
20180703 100741 10 -3 97 10
20180703 100742 18 4 75 13
20180703 100743 13 4 84 12
20180703 100744 10 2 80 0
20180703 100745 11 4 86 5
20180703 100746 25 9 78 11
20180703 100747 16 1 92 14
20180703 100748 22 8 78 19
20180703 100749 14 -1 74 17
20180703 100750 18 5 83 13
20180703 100751 17 1 77 6
20180703 100752 20 8 82 9
20180703 100753 15 6 79 13
20180703 100754 20 -3 91 13
20180703 100755 18 5 74 12
20180703 100756 14 16 95 12
20180703 100757 15 12 67 9
20180703 100758 18 9 85 12
20180703 100759 11 10 78 14
20180703 100800 22 4 75 12
20180703 100801 19 6 83 8
20180703 100802 15 4 94 13
20180703 100803 14 3 73 5
20180703 100804 18 3 77 10
20180703 100806 7 7 92 13
20180703 100807 19 6 86 18
20180703 100808 19 7 80 15
20180703 100809 20 6 73 21
20180703 100810 13 4 83 8
20180703 100811 18 10 85 12
20180703 100812 16 -2 88 12
20180703 100813 10 13 82 16
20180703 100814 17 -2 80 6
20180703 100815 15 5 86 6
20180703 100816 13 -3 98 10
20180703 100817 17 4 79 11
20180703 100818 14 9 88 9
20180703 100819 10 5 81 13
20180703 100820 16 1 77 13
20180703 100821 21 0 73 11
20180703 100822 16 6 80 7
20180703 100823 17 4 81 6
20180703 100824 17 8 79 20
20180703 100825 11 1 93 10
20180703 100826 19 4 89 8
20180703 100827 16 -2 78 16
20180703 100828 22 2 86 16
20180703 100829 9 2 81 14
20180703 100830 19 5 92 14
20180703 100831 13 5 82 12
20180703 100832 17 9 89 11
20180703 100833 19 4 88 11
20180703 100834 14 12 96 14
20180703 100835 16 8 70 6
20180703 100836 6 -1 72 5
20180703 100837 17 8 95 4
20180703 100838 10 3 82 14
20180703 100839 7 9 86 12
20180703 100840 17 7 86 16
20180703 100841 14 3 76 16
20180703 100842 17 9 87 8
20180703 100843 14 5 78 20
20180703 100844 17 2 75 11
20180703 100845 6 1 82 14
20180703 100847 19 -1 84 10
20180703 100848 10 5 84 11
20180703 100849 20 0 77 10
20180703 100850 20 6 72 11
20180703 100851 19 2 81 6
20180703 100852 21 3 86 14
20180703 100853 15 3 86 10
20180703 100854 10 3 94 14
20180703 100855 20 5 79 17
20180703 100856 9 9 69 3
20180703 100857 13 -1 76 10
20180703 100858 14 4 76 6
20180703 100859 12 7 81 16
20180703 100900 11 2 74 15
20180703 100901 13 7 75 9
20180703 100902 17 9 91 8
20180703 100903 20 6 83 15
20180703 100904 17 2 84 14
20180703 100905 14 1 85 14
20180703 100906 14 4 93 9
20180703 100907 16 3 75 12
20180703 100908 9 0 76 12
20180703 100909 19 6 77 11
20180703 100910 12 2 86 20
20180703 100911 22 1 93 19
20180703 100912 18 12 79 15
20180703 100913 17 -3 87 13
20180703 100914 19 4 82 6
20180703 100915 26 7 86 9
20180703 100916 15 11 99 9
20180703 100917 14 -2 74 16
20180703 100918 9 6 77 8
20180703 100919 9 6 72 10
20180703 100920 10 6 84 11
20180703 100921 14 11 81 9
20180703 100922 14 1 86 6
20180703 100923 13 5 95 12
20180703 100924 24 4 96 7
20180703 100925 18 2 87 11
20180703 100927 10 1 89 11
20180703 100928 14 13 75 16
20180703 100929 14 6 82 13
20180703 100930 8 8 87 14
20180703 100931 5 6 86 9
20180703 100932 16 11 90 15
20180703 100933 25 15 72 11
20180703 100934 13 12 77 19
20180703 100935 6 14 82 6
20180703 100936 15 5 85 12
20180703 100937 14 11 91 11
20180703 100938 9 8 82 12
20180703 100939 11 2 79 8
20180703 100940 18 1 87 15
20180703 100941 20 5 78 12
20180703 100942 23 11 77 19
20180703 100943 12 6 87 22
20180703 100944 19 5 71 15
20180703 100945 14 10 69 9
20180703 100946 18 3 78 13
20180703 100947 14 10 74 14
20180703 100948 14 4 87 14
20180703 100949 13 13 80 14
20180703 100950 21 7 87 10
20180703 100951 14 10 94 14
20180703 100952 12 7 86 7
20180703 100953 7 3 92 12
20180703 100954 11 4 87 11
20180703 100955 20 -2 87 15
20180703 100956 16 9 69 3
20180703 100957 20 -2 73 15
20180703 100958 15 10 85 7
20180703 100959 15 3 81 15
20180703 101000 9 9 93 3
20180703 101001 18 5 85 16
20180703 101002 17 7 87 23
20180703 101003 11 -6 94 13
20180703 101004 14 -3 92 17
20180703 101005 11 3 99 12
20180703 101007 17 8 82 14
20180703 101008 13 3 73 7
20180703 101009 17 2 71 5
20180703 101010 12 12 89 9
20180703 101011 19 5 96 13
20180703 101012 18 6 80 10
20180703 101013 17 4 89 11
20180703 101014 13 9 69 14
20180703 101015 20 -4 87 7
20180703 101016 10 8 73 17
20180703 101017 13 3 81 14
20180703 101018 10 13 97 23
20180703 101019 20 5 92 13
20180703 101020 22 6 87 11
20180703 101021 17 9 83 18
20180703 101022 9 5 83 10
20180703 101023 15 -1 74 7
20180703 101024 19 4 84 10
20180703 101025 22 -5 88 11
20180703 101026 19 0 75 13
20180703 101027 16 4 88 1
20180703 101028 8 10 75 16
20180703 101029 19 6 84 10
20180703 101030 13 6 93 6
20180703 101031 6 8 75 18
20180703 101032 10 4 87 11
20180703 101033 17 5 78 11
20180703 101034 13 7 73 12
20180703 101035 14 1 87 5
20180703 101036 18 4 74 13
20180703 101037 22 9 73 12
20180703 101038 8 6 82 10
20180703 101039 12 -2 69 15
20180703 101040 26 7 93 8
20180703 101041 19 4 83 7
20180703 101042 14 4 78 21
20180703 101043 10 3 70 21
20180703 101044 9 -3 80 8
20180703 101045 10 0 92 9
20180703 101046 14 8 92 17
20180703 101048 19 5 86 16
20180703 101049 14 6 77 4
20180703 101050 10 8 81 12
20180703 101051 15 1 78 14
20180703 101052 20 5 72 9
20180703 101053 15 1 98 11
20180703 101054 14 2 96 15
20180703 101055 12 -1 99 13
20180703 101056 14 5 86 11
20180703 101057 10 0 81 10
20180703 101058 17 6 81 12
20180703 101059 10 6 75 13
20180703 101100 20 10 95 11
20180703 101101 20 8 88 9
20180703 101102 24 8 84 13
20180703 101103 13 10 86 6
20180703 101104 12 9 75 12
20180703 101105 21 0 78 17
20180703 101106 16 -4 89 16
20180703 101107 13 5 86 8
20180703 101108 13 6 82 10
20180703 101109 9 4 85 5
20180703 101110 19 1 67 11
20180703 101111 18 6 74 5
20180703 101112 15 1 86 18
20180703 101113 15 4 73 8
20180703 101114 7 1 76 18
20180703 101115 10 6 88 8
20180703 101116 21 5 86 4
20180703 101117 17 7 73 10
20180703 101118 16 4 72 8
20180703 101119 13 2 86 13
20180703 101120 20 0 94 10
20180703 101121 14 -4 83 15
20180703 101122 16 12 86 15
20180703 101123 13 1 85 15
20180703 101124 9 7 81 16
20180703 101125 11 12 86 15
20180703 101126 15 7 66 1
20180703 101128 22 3 68 9
20180703 101129 7 1 81 6
20180703 101130 23 3 81 15
20180703 101131 10 7 81 11
20180703 101132 11 -4 87 11
20180703 101133 15 5 78 18
20180703 101134 15 8 77 6
20180703 101135 16 4 77 11
20180703 101136 11 8 78 11
20180703 101137 18 12 80 7
20180703 101138 17 6 76 12
20180703 101139 11 -1 90 15
20180703 101140 13 1 71 6
20180703 101141 15 5 73 17
20180703 101142 21 10 76 12
20180703 101143 16 8 76 16
20180703 101144 22 1 88 8
20180703 101145 15 7 72 13
20180703 101146 14 3 84 11
20180703 101147 19 2 77 9
20180703 101148 14 3 97 13
20180703 101149 19 5 75 17
20180703 101150 9 5 85 11
20180703 101151 10 7 77 7
20180703 101152 14 8 93 4
20180703 101153 8 -3 77 12
20180703 101154 20 7 80 13
20180703 101155 12 10 74 19
20180703 101156 15 12 73 19
20180703 101157 19 8 79 11
20180703 101158 19 10 83 6
20180703 101159 12 5 89 10
20180703 101200 17 3 85 13
20180703 101201 12 5 82 10
20180703 101202 19 15 91 17
20180703 101203 15 3 75 5
20180703 101204 24 12 68 11
20180703 101205 22 6 81 22
20180703 101206 24 7 89 12
20180703 101207 18 6 74 14
20180703 101209 22 -2 78 12
20180703 101210 11 5 80 18
20180703 101211 9 5 84 16
20180703 101212 11 -1 79 14
20180703 101213 12 3 88 10
20180703 101214 10 6 85 13
20180703 101215 11 3 78 11
20180703 101216 10 4 88 9
20180703 101217 13 9 81 12
20180703 101218 16 -3 81 16
20180703 101219 14 4 94 11
20180703 101220 6 7 79 11
20180703 101221 12 6 85 7
20180703 101222 8 5 80 10
20180703 101223 16 5 82 9
20180703 101224 16 5 84 13
20180703 101225 27 11 78 4
20180703 101226 23 7 79 12
20180703 101227 14 9 72 13
20180703 101228 8 -2 75 11
20180703 101229 7 -4 78 12
20180703 101230 16 9 75 16
20180703 101231 18 7 74 10
20180703 101232 27 5 86 7
20180703 101233 14 10 74 10
20180703 101234 25 2 90 11
20180703 101235 15 6 88 8
20180703 101236 11 9 75 14
20180703 101237 16 3 78 21
20180703 101238 12 2 75 13
20180703 101239 7 7 82 15
20180703 101240 15 4 80 16
20180703 101241 14 5 88 18
20180703 101242 17 8 83 8
20180703 101243 18 6 78 15
20180703 101244 10 3 94 15
20180703 101245 8 14 82 14
20180703 101246 14 10 77 12
20180703 101247 16 5 91 12
20180703 101249 19 10 74 15
20180703 101250 16 1 86 15
20180703 101251 27 1 100 13
20180703 101252 20 3 78 7
20180703 101253 14 -1 78 11
20180703 101254 15 9 77 13
20180703 101255 14 9 94 9
20180703 101256 13 5 83 1
20180703 101257 14 10 91 9
20180703 101258 24 8 83 15
20180703 101259 17 8 73 15
20180703 101300 13 12 80 15
20180703 101301 9 3 83 8
20180703 101302 12 9 86 10
20180703 101303 18 8 88 8
20180703 101304 17 5 77 8
20180703 101305 27 7 82 12
20180703 101306 16 4 87 16
20180703 101307 16 2 83 14
20180703 101308 13 4 86 11
20180703 101309 17 0 88 9
20180703 101310 14 3 71 10
20180703 101311 21 -3 83 14
20180703 101312 17 9 89 11
20180703 101313 14 0 97 10
20180703 101314 14 8 85 6
20180703 101315 15 11 74 4
20180703 101316 12 10 82 15
20180703 101317 14 12 84 13
20180703 101318 13 10 75 12
20180703 101319 13 11 73 10
20180703 101320 14 11 86 17
20180703 101321 17 6 87 15
20180703 101322 20 7 86 6
20180703 101323 15 10 87 6
20180703 101324 11 3 78 13
20180703 101325 18 5 75 10
20180703 101326 18 9 80 9
20180703 101327 14 7 93 17
20180703 101328 11 2 88 16
20180703 101330 15 6 70 9
20180703 101331 14 7 85 7
20180703 101332 13 5 78 11
20180703 101333 21 9 91 12
20180703 101334 17 5 74 12
20180703 101335 24 1 76 0
20180703 101336 8 8 80 10
20180703 101337 17 5 93 8
20180703 101338 23 4 83 15
20180703 101339 26 7 87 11
20180703 101340 12 1 90 10
20180703 101341 15 4 83 5
20180703 101342 18 8 81 9
20180703 101343 10 7 89 3
20180703 101344 12 3 69 1
20180703 101345 27 8 91 19
20180703 101346 19 7 90 6
20180703 101347 15 8 80 16
20180703 101348 17 3 83 9
20180703 101349 23 6 84 10
20180703 101350 14 8 75 5
20180703 101351 13 -1 89 12
20180703 101352 18 3 95 17
20180703 101353 16 1 86 3
20180703 101354 21 7 99 21
20180703 101355 21 -3 79 12
20180703 101356 19 8 100 18
20180703 101357 10 10 74 17
20180703 101358 12 10 83 9
20180703 101359 11 6 84 18
20180703 101400 13 6 83 10
20180703 101401 16 1 84 12
20180703 101402 17 7 70 6
20180703 101403 20 3 79 4
20180703 101404 17 6 87 15
20180703 101405 10 9 80 21
20180703 101406 16 6 80 15
20180703 101407 11 3 85 8
20180703 101408 15 9 74 4
20180703 101410 12 16 76 14
20180703 101411 12 7 70 12
20180703 101412 10 5 82 9
20180703 101413 19 8 86 16
20180703 101414 11 5 86 15
20180703 101415 8 9 79 20
20180703 101416 15 2 86 13
20180703 101417 20 8 90 12
20180703 101418 15 10 80 14
20180703 101419 19 1 76 10
20180703 101420 12 11 90 11
20180703 101421 23 10 80 13
20180703 101422 11 7 76 12
20180703 101423 20 4 87 19
20180703 101424 17 10 83 10
20180703 101425 14 3 89 12
20180703 101426 15 3 94 8
20180703 101427 15 4 76 9
20180703 101428 15 -1 75 10
20180703 101429 22 0 85 15
20180703 101430 21 4 81 15
20180703 101431 12 0 82 6
20180703 101432 9 3 82 5
20180703 101433 23 14 88 10
20180703 101434 21 10 70 14
20180703 101435 10 5 96 6
20180703 101436 17 5 89 13
20180703 101437 18 10 85 16
20180703 101438 16 13 95 5
20180703 101439 15 0 80 11
20180703 101440 18 3 87 7
20180703 101441 8 8 79 6
20180703 101442 10 9 86 14
20180703 101443 19 11 86 5
20180703 101444 21 2 77 6
20180703 101445 20 6 80 5
20180703 101446 22 4 100 6
20180703 101447 20 6 77 18
20180703 101448 19 8 90 15
20180703 101450 15 11 81 6
20180703 101451 9 5 97 13
20180703 101452 12 7 85 6
20180703 101453 11 11 92 17
20180703 101454 10 5 80 8
20180703 101455 17 11 75 15
20180703 101456 18 5 89 17
20180703 101457 18 7 87 7
20180703 101458 16 13 83 9
20180703 101459 12 2 77 7
20180703 101500 26 5 93 15
20180703 101501 14 5 80 13
20180703 101502 17 3 86 19
20180703 101503 10 1 81 8
20180703 101504 12 14 76 14
20180703 101505 19 -2 74 6
20180703 101506 14 -3 91 14
20180703 101507 7 -1 73 11
20180703 101508 13 7 87 17
20180703 101509 13 0 77 12
20180703 101510 18 12 93 7
20180703 101511 16 5 70 14
20180703 101512 12 2 73 12
20180703 101513 13 7 82 14
20180703 101514 24 4 86 12
20180703 101515 13 6 85 11
20180703 101516 13 4 87 8
20180703 101517 12 5 91 17
20180703 101518 17 6 100 19
20180703 101519 15 5 73 14
20180703 101520 16 17 73 6
20180703 101521 15 4 81 15
20180703 101522 12 9 82 18
20180703 101523 10 6 81 7
20180703 101524 15 3 70 6
20180703 101525 13 8 101 13
20180703 101526 14 11 83 12
20180703 101527 18 6 83 16
20180703 101528 17 5 81 14
20180703 101529 20 9 90 7
20180703 101531 8 10 81 13
20180703 101532 16 0 83 10
20180703 101533 10 5 76 16
20180703 101534 16 5 86 6
20180703 101535 16 6 83 11
20180703 101536 10 2 80 15
20180703 101537 25 8 93 11
20180703 101538 14 5 76 10
20180703 101539 17 9 67 0
20180703 101540 17 6 74 14
20180703 101541 13 9 82 6
20180703 101542 16 11 83 6
20180703 101543 11 5 86 19
20180703 101544 15 4 67 10
20180703 101545 14 1 86 7
20180703 101546 10 7 87 11
20180703 101547 13 9 78 13
20180703 101548 16 10 85 15
20180703 101549 10 -1 95 19
20180703 101550 18 4 86 8
20180703 101551 26 13 84 8
20180703 101552 17 7 86 10
20180703 101553 12 9 92 11
20180703 101554 7 1 75 8
20180703 101555 21 12 70 5
20180703 101556 22 4 93 9
20180703 101557 17 3 79 11
20180703 101558 17 16 80 11
20180703 101559 17 8 75 10
20180703 101600 7 -1 86 9
20180703 101601 17 14 80 12
20180703 101602 10 10 81 15
20180703 101603 20 3 82 15
20180703 101604 17 9 99 18
20180703 101605 16 5 72 22
20180703 101606 13 0 92 14
20180703 101607 13 11 87 7
20180703 101608 18 1 89 5
20180703 101609 14 4 90 7
20180703 101611 16 9 78 8
20180703 101612 20 9 94 14
20180703 101613 16 7 82 18
20180703 101614 14 9 89 6
20180703 101615 6 7 81 10
20180703 101616 21 8 89 13
20180703 101617 13 10 80 3
20180703 101618 21 6 87 16
20180703 101619 20 1 85 15
20180703 101620 14 0 82 12
20180703 101621 18 6 87 8
20180703 101622 12 6 94 10
20180703 101623 14 6 87 8
20180703 101624 23 7 79 9
20180703 101625 9 4 81 6
20180703 101626 19 3 84 11
20180703 101627 17 -3 82 13
20180703 101628 26 2 92 5
20180703 101629 9 13 76 7
20180703 101630 16 7 82 6
20180703 101631 17 -5 85 11
20180703 101632 16 4 76 5
20180703 101633 12 1 76 5
20180703 101634 15 4 84 16
20180703 101635 15 6 79 15
20180703 101636 12 6 74 9
20180703 101637 16 -5 84 10
20180703 101638 16 7 80 16
20180703 101639 18 6 75 15
20180703 101640 16 6 78 12
20180703 101641 17 7 92 13
20180703 101642 20 6 75 21
20180703 101643 21 -1 79 17
20180703 101644 17 6 90 7
20180703 101645 8 12 85 21
20180703 101646 15 9 88 6
20180703 101647 17 10 75 11
20180703 101648 19 1 75 14
20180703 101649 13 -1 88 17
20180703 101651 8 6 77 13
20180703 101652 18 3 86 13
20180703 101653 11 5 85 7
20180703 101654 16 3 92 11
20180703 101655 17 0 84 15
20180703 101656 13 2 82 10
20180703 101657 15 4 70 10
20180703 101658 15 13 79 13
20180703 101659 12 0 80 9
20180703 101700 15 8 80 12
20180703 101701 11 3 82 10
20180703 101702 18 2 84 2
20180703 101703 13 8 82 11
20180703 101704 10 5 89 12
20180703 101705 16 9 75 15
20180703 101706 12 3 84 5
20180703 101707 20 12 88 6
20180703 101708 11 6 92 12
20180703 101709 11 9 79 11
20180703 101710 20 6 81 9
20180703 101711 24 9 78 16
20180703 101712 17 3 83 8
20180703 101713 18 6 76 11
20180703 101714 12 5 74 13
20180703 101715 27 6 85 5
20180703 101716 11 16 77 5
20180703 101717 9 5 82 13
20180703 101718 6 1 76 8
20180703 101719 25 3 81 11
20180703 101720 15 13 75 15
20180703 101721 6 9 87 17
20180703 101722 14 12 83 12
20180703 101723 20 3 79 3
20180703 101724 18 9 79 12
20180703 101725 8 7 101 7
20180703 101726 16 14 88 15
20180703 101727 23 4 80 13
20180703 101728 15 -5 94 17
20180703 101729 23 2 89 17
20180703 101730 18 6 74 16
20180703 101732 8 3 81 14
20180703 101733 15 6 85 4
20180703 101734 12 3 79 10
20180703 101735 13 7 100 8
20180703 101736 18 7 82 6
20180703 101737 13 11 84 10
20180703 101738 18 2 80 11
20180703 101739 12 12 86 18
20180703 101740 14 3 79 2
20180703 101741 18 1 98 16
20180703 101742 15 5 94 9
20180703 101743 14 1 84 15
20180703 101744 24 2 88 7
20180703 101745 18 2 78 14
20180703 101746 14 3 77 9
20180703 101747 10 5 81 13
20180703 101748 16 5 93 11
20180703 101749 15 1 83 10
20180703 101750 16 0 89 0
20180703 101751 17 13 82 10
20180703 101752 15 4 88 16
20180703 101753 11 1 83 12
20180703 101754 14 5 74 6
20180703 101755 11 4 83 1
20180703 101756 18 5 81 16
20180703 101757 16 6 74 5
20180703 101758 19 10 73 13
20180703 101759 18 3 80 11
20180703 101800 20 4 73 13
20180703 101801 21 -4 73 15
20180703 101802 17 6 75 17
20180703 101803 14 10 81 6
20180703 101804 16 3 71 9
20180703 101805 28 8 80 5
20180703 101806 9 3 88 17
20180703 101807 17 5 82 7
20180703 101808 18 7 91 13
20180703 101809 10 3 86 20
20180703 101810 10 5 87 15
20180703 101812 12 4 74 12
20180703 101813 17 6 69 16
20180703 101814 16 2 81 11
20180703 101815 15 2 71 6
20180703 101816 13 14 96 13
20180703 101817 18 2 82 18
20180703 101818 27 4 78 12
20180703 101819 17 11 84 14
20180703 101820 15 7 72 11
20180703 101821 19 4 67 9
20180703 101822 14 4 75 13
20180703 101823 15 10 94 8
20180703 101824 17 4 83 11
20180703 101825 18 1 76 18
20180703 101826 19 11 77 8
20180703 101827 13 5 82 4
20180703 101828 19 6 92 13
20180703 101829 17 4 75 14
20180703 101830 13 5 90 20
20180703 101831 12 4 89 15
20180703 101832 9 5 90 15
20180703 101833 19 2 80 14
20180703 101834 23 9 87 21
20180703 101835 16 11 88 15
20180703 101836 19 1 86 7
20180703 101837 22 11 79 6
20180703 101838 23 15 88 6
20180703 101839 17 7 76 15
20180703 101840 17 2 77 14
20180703 101841 23 13 83 10
20180703 101842 17 11 86 4
20180703 101843 21 5 76 14
20180703 101844 16 6 82 16
20180703 101845 23 2 78 9
20180703 101846 15 6 76 8
20180703 101847 12 6 84 9
20180703 101848 14 8 81 3
20180703 101849 16 8 81 16
20180703 101850 8 8 74 5
